-3.588380971530364860e+01
-3.659861229084339840e+01
1.834153395713518009e+01
1.962102729894357012e+01
-3.705093806205527329e+01
1.853741625695159101e+01
-3.697475885597541634e+01
-3.375876976381216110e+01
-3.375876976381216110e+01
1.853302205012241188e+01
1.936033912981432081e+01
1.836423631901901388e+01
-3.599956888216755857e+01
-3.599956888216755857e+01
1.910349286422762560e+01
1.910349286422762560e+01
1.910349286422762560e+01
-5.126776119807482246e+01
-5.126776119807482246e+01
1.865241170221283085e+01
-3.607551500500716202e+01
-3.607551500500716202e+01
1.972097983688430034e+01
-3.761655174476865682e+01
-1.770829933390155020e+01
-3.659998667131491601e+01
-3.652090193767286763e+01
-3.604948082245895336e+01
-3.575837067130454727e+01
-3.638657878918191813e+01
-3.638657878918191813e+01
-3.688294354296651534e+01
-3.674331493712929841e+01
-3.538339665448472005e+01
-2.841585371915905256e+01
1.637549651958092056e+01
-1.797960164514051229e+01
1.966280750221236673e+01
-3.870863129284643378e+01
-3.830122893943662632e+01
-3.846366515397085095e+01
-3.925419089800099215e+01
-3.978337034739300293e+01
-3.872746908841778435e+01
-3.866122038759008461e+01
-3.858049267851656339e+01
-3.950013224253570598e+01
-3.766892975982936065e+01
-3.830277068937005680e+01
-3.716339771895707145e+01
-3.822173981215421179e+01
-3.751223855083598124e+01
-3.749098941120593764e+01
-3.808691731597471630e+01
-3.823700450143959273e+01
-3.824405871083637010e+01
-3.759449636954945362e+01
2.003672240660031179e+01
-3.744088690156297616e+01
1.986691795321581822e+01
3.980057922361361733e+01
-3.649639195273173442e+01
-2.036440507544018175e+01
-2.674494913414175556e+01
-3.583597446500469630e+01
-3.677759787720425777e+01
-3.575829911860143540e+01
-3.526712071441210838e+01
-3.610167507076379678e+01
-3.610368710618190846e+01
-3.526712071441210838e+01
-3.526712071441210838e+01
-3.575829911860143540e+01
-3.574939227200955827e+01
-3.625810908416024603e+01
-3.642331436866621885e+01
-2.841585371915905256e+01
-1.817035443786832971e+01
3.171179015744561625e+01
-2.635032193010489721e+01
-1.817035443786832971e+01
-3.717888731200871888e+01
-2.841585371915905256e+01
-2.841585371915905256e+01
-2.841585371915905256e+01
1.228374058327132445e+01
1.228374058327132445e+01
1.228374058327132445e+01
1.228374058327132445e+01
1.228374058327132445e+01
-2.841585371915905256e+01
-3.641748579559142485e+01
-3.641748579559142485e+01
-3.641748579559142485e+01
1.895472949196125967e+01
-3.633876060521358653e+01
-3.633876060521358653e+01
-3.591383303276676742e+01
-3.591383303276676742e+01
-3.591383303276676742e+01
-3.591383303276676742e+01
-5.728173187242367348e+00
-3.633876060521358653e+01
-3.633876060521358653e+01
1.895472949196125967e+01
1.895472949196125967e+01
1.895472949196125967e+01
-3.697666604881835895e+01
-3.680347581311070115e+01
-3.637154244368522882e+01
-3.628602019878341878e+01
-3.628602019878341878e+01
-3.672562822674229466e+01
-3.672562822674229466e+01
-3.672562822674229466e+01
-3.629188619698310703e+01
-3.629188619698310703e+01
-3.556220361115079953e+01
-2.812350543427151095e+01
-3.548433015235877264e+01
-3.548433015235877264e+01
-3.656733560395533544e+01
-3.591823704984390275e+01
-3.549678670214488108e+01
-3.540663697387990538e+01
-3.540663697387990538e+01
-3.532912588557313427e+01
-1.962097464747756703e+00
1.873423783537275611e+01
1.873423783537275611e+01
1.902787393128961213e+01
-1.962097464747756703e+00
-1.962097464747756703e+00
-3.554378719763415262e+01
1.925260221712688491e+01
1.925260221712688491e+01
1.925260221712688491e+01
1.925260221712688491e+01
1.925260221712688491e+01
2.532927705497995952e+00
2.532927705497995952e+00
-3.605140545226782223e+01
-3.605140545226782223e+01
-3.605140545226782223e+01
-3.605140545226782223e+01
-3.605140545226782223e+01
-3.605140545226782223e+01
-3.605140545226782223e+01
-3.605140545226782223e+01
-3.605140545226782223e+01
-3.605140545226782223e+01
-3.605140545226782223e+01
-3.628602019878341878e+01
-3.628602019878341878e+01
-3.628602019878341878e+01
-3.628602019878341878e+01
-3.637154244368522882e+01
-3.637154244368522882e+01
-3.637154244368522882e+01
-3.637154244368522882e+01
3.874492242641480039e-02
-3.636459132836061769e+01
6.136087649603457983e+00
-3.100209451046510978e+01
1.953580329016241990e+01
1.954759467741653722e+01
-3.716528387097817898e+01
-3.855945253938345019e+01
-3.924365204111203553e+01
-3.902596876211531196e+01
-3.916398437011455513e+01
-4.044725029706166453e+01
-4.055156275408240418e+01
-4.069404686551062156e+01
-4.082089922572563268e+01
-4.106109456914687428e+01
-4.228710694346688825e+01
-4.244500997019962796e+01
-4.154134657858944024e+01
-4.328609615773639518e+01
-4.291344216983522841e+01
-4.308516193286758522e+01
-4.324488083903143831e+01
-4.340394537641331141e+01
-4.407731805245130374e+01
-4.423281117841676746e+01
-4.379302779341725937e+01
-4.445418793040386873e+01
-4.220570414134418513e+01
-4.761807533035207740e+01
8.986784424673865601e+01
5.216149106705844929e+01
5.523299998355722096e+01
3.560312242930591964e+01
4.886674593471337147e+01
4.851845204675971246e+01
5.419226682894903746e+01
4.588242319647809353e+01
2.757702486558072508e+01
2.198346070456604195e+01
2.163602450109569375e+01
2.186776604238268717e+01
2.240430852150778662e+01
2.159290832536395044e+01
2.051864072852582055e+01
2.217718483431983856e+01
2.196953496790155214e+01
2.234105807346235650e+01
2.140164564249361945e+01
2.252793836779884984e+01
2.095770752943382220e+01
2.245382575741816211e+01
2.129476516493260974e+01
2.132489609471523906e+01
2.176071521717224044e+01
2.066765835622182124e+01
2.132938184200595089e+01
2.107339376865422409e+01
2.083992639134811853e+01
2.043425926625868172e+01
2.135652494862365103e+01
2.011487105745010595e+01
2.067827697882531979e+01
1.954242955918378399e+01
1.999954286042573770e+01
1.900712879672309441e+01
2.015902454773223340e+01
1.991891224270268879e+01
2.049991071909074947e+01
1.930334312740022540e+01
1.973765844396580960e+01
2.052654937863996665e+01
1.929343826192236477e+01
1.877484193088640652e+01
1.794135600400622010e+01
1.744788714735222257e+01
1.914062355717696207e+01
1.781288386687571190e+01
1.781622635206949568e+01
1.837220239126286359e+01
1.744264562854839795e+01
1.693280918993459849e+01
1.568798817560544556e+01
1.781493565866824014e+01
1.716339538677026511e+01
1.608773149006002612e+01
1.677355252092367977e+01
1.679336732967573909e+01
1.554975209255163016e+01
1.778457145554918029e+01
1.659531058314437502e+01
1.681342689190979911e+01
1.702263644922623698e+01
1.661610299458637741e+01
1.546639103242875102e+01
1.438324327068739628e+01
1.701952210806551236e+01
1.580466184569377042e+01
1.442036495632014059e+01
1.443654393270324832e+01
1.562540617747369787e+01
1.510161698495067739e+01
1.546320068710670625e+01
1.675645442090403847e+01
1.364145370652355815e+01
1.596396778135025585e+01
1.412519596354669638e+01
1.370694204526157023e+01
1.404979145020628728e+01
1.405746354212021565e+01
1.364697351447644103e+01
1.376100424104689957e+01
1.220604645680046119e+01
1.194821789212051399e+01
1.196894631679780829e+01
1.429642743097675961e+01
1.383431384522138963e+01
1.381666459171716710e+01
1.426768806038066550e+01
1.092756099034598982e+01
1.463507883408012411e+01
1.079171193976462639e+01
1.112571594621933713e+01
1.310739441700890318e+01
1.177628704130308535e+01
1.325766281942914304e+01
9.498024737586275634e+00
1.100299479158553062e+01
1.260804244559120058e+01
1.123116428494525820e+01
1.093584486643573861e+01
9.279026689287633189e+00
1.275333788971293458e+01
9.332141425582099359e+00
1.072980614667241994e+01
9.160084258361097298e+00
7.576151030222571414e+00
7.333305255370980547e+00
9.321415656840541075e+00
7.539384713058414178e+00
6.544902886193130875e+00
6.765355652727942370e+00
6.731580401666032998e+00
6.812939486629749908e+00
6.421991741896531991e+00
6.048867299102762551e+00
7.295315801124313104e+00
6.103074951869894349e+00
6.201514714913010096e+00
6.260449286308976902e+00
7.127114059859363415e+00
5.864819180982100200e+00
7.381888703117355455e+00
6.810908409636946992e+00
6.586025000103380656e+00
6.755209428746300482e+00
7.721489491022075491e+00
5.831752148395575652e+00
6.666182402146733743e+00
6.852877104105541406e+00
5.889999414233140662e+00
6.599794256510286949e+00
6.599794256510286949e+00
6.172250533283321516e+00
7.393609619337465411e+00
6.239961135152970684e+00
6.777630090859209311e+00
5.974492358065601749e+00
6.482568304352446908e+00
7.139636703891768299e+00
6.732139403235901653e+00
5.927860899061083266e+00
6.216784091571893711e+00
6.216784091571893711e+00
5.491932600503366402e+00
6.664306451171402301e+00
5.425035547480943521e+00
6.477067462326766112e+00
5.402062764682607821e+00
6.801356774088633372e+00
6.468408533478142708e+00
6.083062706731304559e+00
5.830686976009558542e+00
5.828945586870819540e+00
5.828945586870819540e+00
5.910927674805103393e+00
6.317778194806241032e+00
5.749113908219006142e+00
5.400440951266238798e+00
6.102427073868924801e+00
6.307058158054405617e+00
4.029524484168693732e+01
8.696970294969142756e+00
8.805018598957444098e+00
9.619749151710742296e+00
1.041932369407201442e+01
1.172735232462204280e+01
1.264486574200011937e+01
1.489271528937597999e+01
1.683634084731526315e+01
-4.142253051726954283e+01
-3.544016260748737324e+01
-3.266616004902316206e+01
-2.916230251511082372e+01
-2.902909369489155367e+01
-2.789441262603466498e+01
-2.825550865479105056e+01
-2.910136982484225499e+01
-2.898056519096408223e+01
-2.838788880316415941e+01
-2.927488738038273297e+01
-2.931351185021410899e+01
-3.038108691138642925e+01
-3.066855875256547037e+01
-3.117948117108899808e+01
-3.124595486749835160e+01
-3.061545540047897163e+01
-3.043206604824041861e+01
-3.066492328220282459e+01
-3.066492328220282459e+01
-2.961755720513820478e+01
-2.891704132115890147e+01
-2.797340428569579274e+01
-2.808982416742001220e+01
-2.827325498988018992e+01
-2.838708499478664748e+01
-2.675777993851655268e+01
-2.631008287879946650e+01
-2.636821909504093142e+01
-2.642309309859723143e+01
-2.532970955798550250e+01
-2.615478130327949557e+01
-2.627715681989112539e+01
-2.552858305028058439e+01
-2.548690108778357910e+01
-2.469344221127478178e+01
-2.504946953651977992e+01
-2.515202800602860123e+01
-2.446364396859876678e+01
-1.323017939245752217e+01
-2.558488258194163478e+01
1.064229222847791334e+01
1.038049210146941803e+01
9.940640325971674685e+00
1.050621849078986791e+01
1.152696138027470241e+01
1.221191995206749503e+01
1.193854513969418285e+01
1.285356594106662875e+01
1.310782981923836310e+01
1.364739878363397096e+01
1.387623620002083769e+01
1.397633133401264693e+01
1.408337278567496931e+01
1.535768216201310388e+01
1.465717296203405162e+01
1.477801963077353697e+01
1.489812394700155984e+01
1.439349770726872002e+01
1.477498294906315834e+01
1.481021917548589428e+01
1.522296897481459688e+01
1.559538871561702500e+01
1.583932538011434232e+01
1.620336875086109174e+01
1.637905471606989494e+01
1.693037277676662100e+01
1.710442994308487386e+01
1.779556090888493003e+01
1.772678900976892891e+01
1.819205710185598690e+01
1.805607880166020962e+01
1.934330464186717080e+01
1.929587790526020541e+01
1.878209823182961813e+01
2.050549903456239065e+01
2.065726429598096914e+01
2.057992751515715568e+01
2.060895543136922115e+01
2.088457083150341376e+01
2.168110726218086270e+01
2.186607461498920202e+01
2.201121351349832622e+01
2.226264940920122015e+01
2.201083788590997870e+01
2.200564628815210355e+01
2.226119847086130576e+01
2.208482290125226299e+01
2.147766408427130358e+01
2.235550582986340729e+01
2.152610253234405846e+01
2.086811501723288131e+01
2.142724844511818461e+01
2.245006629699775758e+01
2.209398995085748396e+01
2.206971884293407982e+01
2.246761550863584489e+01
2.277418929768854028e+01
2.216755531683220326e+01
2.244984414745990264e+01
2.242136289550781214e+01
2.253910197927091730e+01
2.275425624859704499e+01
2.383924869722448747e+01
-4.125515315147195139e+01
2.343916884582499449e+01
-4.182686389475601629e+01
-4.216455035560505138e+01
-4.288225479895629633e+01
-4.316759564473025534e+01
-4.350355888078239985e+01
-4.336608775465597887e+01
-4.373907317086823099e+01
-4.507162408926414798e+01
-4.487941585779080356e+01
-4.518605235950130350e+01
-4.650903514870000777e+01
-4.682649463343773988e+01
-4.704878915676617623e+01
-4.704878915676617623e+01
-5.572573685624269046e+01
4.858415382704714602e+01
2.346506530675092606e+01
2.270172129325933241e+01
2.269947067446115696e+01
2.091817661581658072e+01
2.121320006308525308e+01
2.051515962678472960e+01
1.991324796068720460e+01
1.942270367676631437e+01
1.942270367676631437e+01
1.845886630953744501e+01
1.781295893148233844e+01
1.601111303807040898e+01
1.598483525006425587e+01
1.656160875244245645e+01
1.603859314348355625e+01
1.634544053551327991e+01
1.495247388662535393e+01
2.092466163900406073e+01
2.092466163900406073e+01
1.450320901625354608e+01
1.582787361120843705e+01
2.469987794815286009e+01
-2.431208836752006032e-03
6.688391994858110257e-02
-6.440016823378985622e-02
-2.035434999342265527e+01
-2.384754627790444204e+01
-2.478095039867492844e+01
-3.212313033560072739e+01
-3.212313033560072739e+01
-3.019783932579344921e+01
-2.960109652247665579e+01
-3.017589202952900251e+01
-2.978374406322285495e+01
-2.964561618049968317e+01
-3.106843215159359062e+01
-3.222711206844552834e+01
-3.409816435244280086e+01
-3.443318444297301539e+01
-3.637151922081222466e+01
-3.637151922081222466e+01
-3.684748236837026525e+01
-3.722240665405286109e+01
-3.732627654028242858e+01
-3.907910153214189108e+01
-3.839742715458030631e+01
-3.976520297704014695e+01
-3.921317039311932007e+01
-3.967449384236870458e+01
-3.928629824580193741e+01
-3.970084797706242341e+01
-3.970084797706242341e+01
-3.980522103639063403e+01
-4.031837268514548356e+01
-4.094877544831408045e+01
-3.922423523197874573e+01
-4.156517566821531773e+01
-4.156517566821531773e+01
5.807421402334759897e+00
-4.248445038146941499e+01
-4.249362152053460306e+01
-4.245908999671046047e+01
-4.245908999671046047e+01
-4.194802788286707340e+01
-4.251452992755045557e+01
-4.250814151824114617e+01
-4.206233841658443140e+01
-4.252492721633696249e+01
-4.251353301207450386e+01
-4.142109736863289271e+01
-4.142109736863289271e+01
-4.243787135485304418e+01
-4.242587996031631548e+01
-4.242587996031631548e+01
-4.184313348217204265e+01
-4.242587996031631548e+01
-4.184313348217204265e+01
-4.184313348217204265e+01
-4.195241054250465140e+01
-4.195241054250465140e+01
-4.249412296722502447e+01
-4.201181792784350222e+01
-4.203428064009931120e+01
-4.203428064009931120e+01
-4.203428064009931120e+01
-4.201181792784350222e+01
-4.090746358380004466e+01
-4.100856684556990928e+01
-4.100856684556990928e+01
-4.198319346318425005e+01
-4.255117985280205772e+01
-4.109577425933924388e+01
-4.009123143147667889e+01
-4.107462163492969864e+01
-4.071980161818909494e+01
-4.066706446887774007e+01
-3.990697763545529853e+01
-3.897134358779198493e+01
-3.844393982258897324e+01
-3.960864074751948039e+01
-3.900896473690986710e+01
-3.897761981469571424e+01
-3.957166721908454576e+01
-3.957166721908454576e+01
-2.367162813070957128e+01
-2.367162813070957128e+01
-5.832655609656831075e+01
-3.740317740110830869e+01
-3.738032815444434220e+01
-3.792020087212343071e+01
-3.794850722361272943e+01
-3.789339584812818629e+01
-3.740405153094171453e+01
-3.740405153094171453e+01
-3.733824301588511929e+01
-5.952156002884899877e+00
-5.952156002884899877e+00
-3.671846542172705341e+01
-3.717147859486877337e+01
-3.717147859486877337e+01
-3.609157085270856413e+01
-3.717703903248586528e+01
-3.832911707987209127e+01
-3.785480419224851545e+01
-3.785480419224851545e+01
-3.791292454743728513e+01
-3.852372156467630049e+01
-3.895606298033447956e+01
-3.895606298033447956e+01
-3.891506298391628604e+01
-3.827357734311018334e+01
-3.833446429381921661e+01
-3.833446429381921661e+01
-3.895207958141051563e+01
-3.895994745621388944e+01
-3.879702478947388045e+01
-3.934382598420305044e+01
-3.934382598420305044e+01
-3.934382598420305044e+01
-3.938334288306587894e+01
-3.984716699913742843e+01
-4.094641004586117816e+01
-4.104668904677840402e+01
-4.151322093098418264e+01
-4.151527688653348491e+01
-4.254553611294779358e+01
-4.255020605410754797e+01
-4.245711868280707790e+01
-4.147355751749807951e+01
-4.182913388609454586e+01
-4.236870431606390497e+01
-4.139029022063911611e+01
-4.128696634956941125e+01
-4.128696634956941125e+01
-4.186571901335517509e+01
-4.139459390336227784e+01
-4.197976925922068148e+01
-4.301019537130162007e+01
-4.353141800844493048e+01
-4.409987258637827523e+01
-4.460820393613679613e+01
-4.466297157641523086e+01
-4.475695568579657646e+01
-4.658547211478585837e+01
-4.608423075522213708e+01
-4.676495489999348365e+01
-4.681055557957641611e+01
-4.640468081966223934e+01
-4.642460062200530757e+01
-4.647299720863664163e+01
-4.767294194627210402e+01
-4.836456249021112797e+01
-4.777635942631688692e+01
-4.851230163237779891e+01
-4.862505116007108796e+01
-4.876157284903598566e+01
-5.014935056091218968e+01
-5.092232440485562250e+01
-5.106305328000705401e+01
-5.115580099587907625e+01
-5.203539813023653693e+01
-5.344411249949972387e+01
-5.340983300852450810e+01
-5.418885372971617187e+01
-5.437717070275564879e+01
-5.507892551741122844e+01
-5.503484875778134722e+01
-5.518487574925897832e+01
-5.608221676335196548e+01
-5.617732441805408428e+01
-5.716301696573666646e+01
-5.857056837367273516e+01
-5.881145351018048473e+01
-5.821460074192043521e+01
-5.761518395193237296e+01
-5.738155582801342547e+01
-5.774582423611072812e+01
-5.634590388217188917e+01
-5.554244598933797761e+01
-5.419097255615573516e+01
-5.260593056087329700e+01
-5.081503687571250794e+01
-4.974926689246962752e+01
-4.750168737511148009e+01
-4.649018496549781077e+01
-4.549491568700114641e+01
-4.359908405881342475e+01
-4.228092423970003466e+01
-4.204605815451250095e+01
-3.985441199477256191e+01
-1.327543643568751763e+00
7.171392433701445634e-02
2.543140310636555768e+01
2.184239759073985709e+01
2.083789344720690551e+01
2.142053593262556177e+01
2.198226058811687267e+01
2.260768619586720618e+01
2.260768619586720618e+01
2.218599626462982144e+01
2.517881126502895484e+01
2.338488605803494380e+01
2.338488605803494380e+01
2.338488605803494380e+01
2.338488605803494380e+01
2.338488605803494380e+01
2.400040470843733331e+01
2.336854375146485197e+01
2.331217857471235178e+01
2.267742454717463474e+01
2.160051208074628448e+01
2.170672322889758377e+01
2.182471343133467911e+01
2.056741072155340788e+01
2.056741072155340788e+01
2.032103246352235715e+01
2.112528298916066305e+01
1.976212942672568573e+01
1.976212942672568573e+01
2.171749975955815870e+01
2.504814791190248258e+01
-9.378013854670871549e-03
-3.284742431606360924e+01
-3.044248344966792530e+01
-4.468193946042544695e+01
-4.483786225317966512e+01
-4.499223564354350913e+01
-4.510490377586678079e+01
-4.510490377586678079e+01
-4.533253454960993878e+01
-4.554901270168762295e+01
-4.523581079592969445e+01
-4.538197777056550564e+01
-4.432418200799628494e+01
-4.429470147076118280e+01
-4.429470147076118280e+01
-4.525853155854673560e+01
-4.465171329133327305e+01
-4.411952331498999769e+01
-4.411952331498999769e+01
-4.471171398114123008e+01
-4.520130472667903376e+01
-4.518155774654852763e+01
-4.501918114435681417e+01
-4.501918114435681417e+01
-4.437734522637471457e+01
-4.415739464468686748e+01
-4.469677210348114471e+01
-4.469677210348114471e+01
-4.469848261576822068e+01
-4.469848261576822068e+01
-4.420937742161967776e+01
-4.478740754335034779e+01
-4.485896401777593923e+01
-4.503231976524060087e+01
-4.451671427944661730e+01
-4.515323262138212357e+01
5.502396108684101250e+01
2.109978627111948768e+01
2.229720656630233577e+01
2.200201433078775892e+01
2.200201433078775892e+01
2.169079262826245369e+01
2.124086696279781705e+01
2.109897571884655321e+01
2.244189968993312334e+01
2.227594658212962386e+01
2.128428999340902550e+01
2.171806719485374160e+01
2.179031154954953919e+01
2.268104931269484936e+01
2.145523048129123467e+01
2.145523048129123467e+01
2.203987458480814965e+01
2.112104828468835649e+01
2.054392938375466926e+01
2.160499126498582712e+01
2.186186784694373841e+01
2.163748509258162400e+01
2.120919555389802014e+01
-4.666798624310764865e+01
-4.558556305111474671e+01
-4.360484686914576002e+01
-4.360484686914576002e+01
-4.203739374842944443e+01
-4.013730339190566809e+01
-3.876086753864179713e+01
-1.910783490370109305e+01
1.692801477574695568e+01
1.701441918486509763e+01
1.631321366556548114e+01
1.730868219730859181e+01
1.809554383881048878e+01
1.816870551310419657e+01
1.816870551310419657e+01
1.872682776883672418e+01
-3.997083323308066127e+01
-4.093589712987942875e+01
-4.254921707442167644e+01
-4.532207106671265961e+01
-4.727802891302876276e+01
-4.915049074322956812e+01
-8.981336760026429999e+01
2.069992489903138733e+01
2.231863202563581083e+01
2.466769350376548786e+01
2.615378884237602364e+01
2.784751892261164841e+01
3.049359396535895073e+01
3.116097218561898075e+01
3.251268103466230031e+01
3.306041019695813787e+01
3.375290046743862860e+01
3.404177978528762338e+01
3.392911066591111080e+01
3.261680691008047006e+01
3.314150170480376545e+01
3.269366992688883045e+01
3.309488603219298852e+01
3.273473685985209158e+01
3.190377369111295280e+01
3.185417624944675907e+01
3.155868195658491970e+01
3.215360751667726902e+01
3.263584761267276946e+01
3.342847777681257071e+01
3.338060791099076141e+01
3.357770105606174837e+01
3.304865085692802040e+01
3.379135660923240181e+01
3.251658903876128193e+01
3.170734633987788342e+01
3.191691595283879934e+01
3.169500797907747369e+01
3.218142994604873763e+01
3.278029043793685560e+01
3.253053574183695673e+01
3.380805296249842939e+01
3.324852529114465227e+01
3.283008468538595537e+01
3.307103059591285188e+01
3.330346541207149613e+01
3.269314216758482416e+01
3.269069594732699358e+01
3.298299018985616726e+01
3.269637827241560757e+01
3.268994923983272116e+01
3.243790651687255178e+01
3.233099010656320615e+01
3.253150607823436502e+01
3.136191328821596613e+01
3.240892855569151720e+01
3.301682356247463446e+01
3.253188622396400120e+01
3.211765562393360085e+01
3.206900958975043636e+01
3.164608837965894850e+01
3.196368484627073414e+01
3.166870591438104654e+01
3.166870591438104654e+01
3.222952254493569058e+01
3.222952254493569058e+01
3.194704126805815392e+01
3.215511708572865501e+01
3.208034956322186559e+01
3.185905474760406975e+01
3.172403791143356244e+01
3.201706579415358078e+01
3.184523711995594297e+01
3.260798442850707346e+01
3.260798442850707346e+01
3.184523711995594297e+01
3.155117071585800659e+01
3.210133221980818519e+01
3.210133221980818519e+01
3.262216427470332292e+01
3.262216427470332292e+01
3.262216427470332292e+01
3.276621126143005114e+01
3.234264423377675968e+01
3.204950317404382787e+01
3.204950317404382787e+01
3.204950317404382787e+01
3.239493530809908606e+01
3.239493530809908606e+01
-6.616069316521006272e+01
3.187245707527347349e+01
3.172422426273226748e+01
3.274767588977530153e+01
3.239341167498724161e+01
3.324002744546287147e+01
3.294348935746238283e+01
3.263821777782022338e+01
3.300317749033026615e+01
3.296336671720820277e+01
3.309598633676004908e+01
3.281947131500163550e+01
3.312211315552524127e+01
-6.698320660913387314e+01
3.277951310995229051e+01
3.277951310995229051e+01
3.232473681572491131e+01
3.277951310995229051e+01
3.214348153093463623e+01
3.232473681572491131e+01
3.232473681572491131e+01
3.232473681572491131e+01
-6.671832470311251484e+01
-6.671832470311251484e+01
3.232473681572491131e+01
3.232473681572491131e+01
3.277951310995229051e+01
3.277951310995229051e+01
3.281947131500163550e+01
3.261103253268595381e+01
3.317010398720269393e+01
3.373840813204186162e+01
3.285950320719883422e+01
3.285950320719883422e+01
3.280076337815443566e+01
3.280076337815443566e+01
3.280076337815443566e+01
3.280076337815443566e+01
3.270893804824164164e+01
3.328328742316355715e+01
3.235284039910201415e+01
3.247787720231679742e+01
3.288282500842787215e+01
3.290873490928571243e+01
3.257125117258811287e+01
3.273487814459915768e+01
3.312785197094860479e+01
3.350794238760411758e+01
3.387455867256125686e+01
3.314310226043625107e+01
3.314310226043625107e+01
3.305651685693567288e+01
3.378096703464278505e+01
3.386070365412015093e+01
3.401236349410263671e+01
3.366605266701602517e+01
3.323279214299681428e+01
3.336057365708693823e+01
3.338535196561152674e+01
3.347520925138312720e+01
3.359687412737817169e+01
3.362032407389341415e+01
3.269713657621717573e+01
3.272615680240632940e+01
3.270640282693776868e+01
3.276026829888425596e+01
3.276026829888425596e+01
3.230092297865915185e+01
3.276512475232874522e+01
3.205397926810665155e+01
3.267360036345788643e+01
3.269357916524753449e+01
3.301132436814886262e+01
3.252994486109599848e+01
3.282446493782983765e+01
3.239379108824778797e+01
3.320778908192804835e+01
3.320778908192804835e+01
3.257978572188714850e+01
3.240737574651458885e+01
3.237368203944436829e+01
3.240230792549546379e+01
3.346821465415901997e+01
3.284172261864838305e+01
3.283748787240855194e+01
3.345950351909144871e+01
3.236893790143250982e+01
3.262019988814678584e+01
3.262019988814678584e+01
3.280382342668768558e+01
3.299210735253475235e+01
3.205397926810665155e+01
3.311027462579167491e+01
3.269431392905551093e+01
3.316891293325006984e+01
3.263410518358494983e+01
3.236834660932775165e+01
3.314086889212595111e+01
3.339383663149801862e+01
3.339383663149801862e+01
3.287533003785930674e+01
3.342877685396315712e+01
3.351873103202361648e+01
3.313448597193420397e+01
3.352587290009802956e+01
3.325575067065533119e+01
3.328179918401293236e+01
3.378159542334589815e+01
3.300023485472004126e+01
3.362384357154743952e+01
3.362384357154743952e+01
3.309795446042635803e+01
3.375393764753484760e+01
3.308638138587731703e+01
3.370146046067174694e+01
3.326074619893590523e+01
3.333097209217834234e+01
3.286115637916859100e+01
3.294497805224551001e+01
3.302646793726923136e+01
3.282098025160201615e+01
3.282098025160201615e+01
3.289747973422485217e+01
3.265304176583259732e+01
3.311027142950015190e+01
3.253993377456116320e+01
3.228449638299473179e+01
3.229010827507352133e+01
3.229545819447730537e+01
3.315845103632148039e+01
3.255370798461225235e+01
3.275138665072729793e+01
3.275138665072729793e+01
3.293217573712933444e+01
3.229010827507352133e+01
3.296415884534573593e+01
3.293180251922849067e+01
3.277761438787874937e+01
3.298197737119066630e+01
3.323606979006782325e+01
3.304563963800140414e+01
3.297011641888790479e+01
3.226606868076898849e+01
3.226606868076898849e+01
3.316556581327716913e+01
3.225938854230368236e+01
3.360178655261444902e+01
3.312179668900209606e+01
3.315343764807567339e+01
3.315343764807567339e+01
3.264106517889340608e+01
3.267855509516984824e+01
3.317441652592150092e+01
3.245620343737596869e+01
3.245620343737596869e+01
3.323431141609902539e+01
3.301171333019283338e+01
3.276746966341439560e+01
3.338496142590850724e+01
3.310035555642813421e+01
3.297932389624042315e+01
3.297478383411420566e+01
3.234526087473587097e+01
3.286686668506855824e+01
3.301643962444903480e+01
3.225952884001472398e+01
3.283673469188465077e+01
3.181977820901035869e+01
3.179267848875144864e+01
3.177609219646436500e+01
3.177609219646436500e+01
3.205611395578866762e+01
3.177199999859929846e+01
3.177199999859929846e+01
3.177199999859929846e+01
3.177199999859929846e+01
3.153282270468198334e+01
3.153282270468198334e+01
3.178367864597890957e+01
3.183215600162341730e+01
3.183215600162341730e+01
3.195650956239914819e+01
3.267390396878962378e+01
3.267390396878962378e+01
3.267390396878962378e+01
3.179873044519595027e+01
3.179873044519595027e+01
3.179873044519595027e+01
3.179873044519595027e+01
3.208949217454922831e+01
3.186345741231208706e+01
3.186345741231208706e+01
3.184271897486166480e+01
3.184271897486166480e+01
3.184271897486166480e+01
3.184271897486166480e+01
3.184271897486166480e+01
3.184271897486166480e+01
3.184271897486166480e+01
3.211659776537509003e+01
3.211659776537509003e+01
3.211659776537509003e+01
3.190641329844409313e+01
3.212781028704460340e+01
3.280140703029754690e+01
3.190641329844409313e+01
3.190641329844409313e+01
3.195641681686592861e+01
3.221593151931462273e+01
3.195641681686592861e+01
3.218010328409410903e+01
3.285839715029603525e+01
3.253970694859091140e+01
3.238371998730590917e+01
3.237897969571718448e+01
3.266406305876553517e+01
3.230463782663039041e+01
3.284067493266603321e+01
3.297590174768592419e+01
3.303347081476110247e+01
3.280060636227729276e+01
3.309102189733882682e+01
3.320512216506429581e+01
3.216916478907987198e+01
3.274600163042985201e+01
3.236729837747677863e+01
3.302159468173390167e+01
3.332712675984547701e+01
3.369436468675173302e+01
3.379837100432482799e+01
3.385183582636466326e+01
3.506622867999563198e+01
3.524897257238649217e+01
3.528690148067514087e+01
3.613138178155074343e+01
3.743670637358115982e+01
