9.126574935239160880e+01
8.437746431197346908e+01
-1.466762525252350997e+02
-1.473234841794043746e+02
8.454600216531311219e+01
-1.462937139346672950e+02
8.420162583747074336e+01
1.047813622276314760e+02
1.047813622276314760e+02
-1.462218096692035942e+02
-1.469682646881338997e+02
-1.459496130472210211e+02
8.388002653596781499e+01
8.388002653596781499e+01
-1.467706315666993646e+02
-1.467706315666993646e+02
-1.467706315666993646e+02
8.942114496129873658e+01
8.942114496129873658e+01
-1.461055156531366777e+02
8.399811354084873471e+01
8.399811354084873471e+01
-1.470488798185612325e+02
8.433309011457507154e+01
1.577999180440991722e+02
8.391180792398600374e+01
8.400964423838809125e+01
8.533701110113936750e+01
8.439553003349823257e+01
8.421181275857004778e+01
8.421181275857004778e+01
8.434023795091989939e+01
8.476853338944846428e+01
8.431707021111776612e+01
1.443403270473350233e+02
-1.540500985581697933e+02
1.582597451583781094e+02
-1.479594379384569152e+02
8.536243763869705958e+01
8.523488882007917766e+01
8.548321181713735939e+01
8.552092339589282233e+01
8.594854783358276507e+01
8.580467048680756648e+01
8.596703075798836835e+01
8.583614272433193548e+01
8.619144572085207301e+01
8.595010683682218655e+01
8.576170115937938476e+01
8.546624549979979690e+01
8.563491473115234953e+01
8.597415679924705501e+01
8.605785408552110027e+01
8.585798251823420912e+01
8.539389123670407855e+01
8.504402726055468520e+01
8.538860629243622213e+01
-1.481094298064787154e+02
8.540761259494669844e+01
-1.482997190320215566e+02
1.686058415647606523e+02
8.507131871252519772e+01
1.587848521211226966e+02
1.365405380603191077e+02
8.436539457743114667e+01
8.441430985876887405e+01
8.424947131175046877e+01
8.116190182977003076e+01
8.472822616117163363e+01
8.447779237129745411e+01
8.116190182977003076e+01
8.116190182977003076e+01
8.424947131175046877e+01
8.446132819674151904e+01
8.496743230838107763e+01
8.472665321220861756e+01
1.443403270473350233e+02
1.582624795515955896e+02
-1.760935567755703346e+02
1.695845189426046318e+02
1.582624795515955896e+02
8.454691318050169002e+01
1.443403270473350233e+02
1.443403270473350233e+02
1.443403270473350233e+02
1.589345791467087032e+01
1.589345791467087032e+01
1.589345791467087032e+01
1.589345791467087032e+01
1.589345791467087032e+01
1.443403270473350233e+02
8.495076317022274281e+01
8.495076317022274281e+01
8.495076317022274281e+01
-1.474214966648059715e+02
8.483114181832982581e+01
8.483114181832982581e+01
8.448221462767367029e+01
8.448221462767367029e+01
8.448221462767367029e+01
8.448221462767367029e+01
-1.393065510746226039e+02
8.483114181832982581e+01
8.483114181832982581e+01
-1.474214966648059715e+02
-1.474214966648059715e+02
-1.474214966648059715e+02
8.489220200941103656e+01
8.508724374241820954e+01
8.473528201834140816e+01
8.484226341484018974e+01
8.484226341484018974e+01
8.523440035017010530e+01
8.523440035017010530e+01
8.523440035017010530e+01
8.487474838524745735e+01
8.487474838524745735e+01
8.491153849484946647e+01
-1.769412944200066704e+02
8.479264355773817385e+01
8.479264355773817385e+01
8.499358833882989472e+01
8.518469461616410854e+01
8.457842234309821094e+01
8.467466384719466532e+01
8.467466384719466532e+01
8.455759026814648394e+01
-1.405438578462350563e+02
-1.464441764551982033e+02
-1.464441764551982033e+02
-1.465246855821415579e+02
-1.405438578462350563e+02
-1.405438578462350563e+02
8.402231975521630147e+01
-1.470889038159520794e+02
-1.470889038159520794e+02
-1.470889038159520794e+02
-1.470889038159520794e+02
-1.470889038159520794e+02
9.124407422133882051e+01
9.124407422133882051e+01
8.448814092730957270e+01
8.448814092730957270e+01
8.448814092730957270e+01
8.448814092730957270e+01
8.448814092730957270e+01
8.448814092730957270e+01
8.448814092730957270e+01
8.448814092730957270e+01
8.448814092730957270e+01
8.448814092730957270e+01
8.448814092730957270e+01
8.484226341484018974e+01
8.484226341484018974e+01
8.484226341484018974e+01
8.484226341484018974e+01
8.473528201834140816e+01
8.473528201834140816e+01
8.473528201834140816e+01
8.473528201834140816e+01
-1.638220596770713371e+02
8.496214948557008029e+01
1.366003989219998118e+02
9.037270486891566179e+01
-1.478424510700443761e+02
-1.480010325884670692e+02
8.580126643443615819e+01
8.620573339447759054e+01
8.697467975099438320e+01
8.695634569782727397e+01
8.738103228972987324e+01
8.788316231258133371e+01
8.908720703260289042e+01
8.966037896037572352e+01
9.021939134178454367e+01
9.102556297109039463e+01
9.111062557450387089e+01
9.178477762051197431e+01
9.193398267402159263e+01
9.275467714979787104e+01
9.275179440577427670e+01
9.312515965704299958e+01
9.352567599844965684e+01
9.346345248175497034e+01
9.415113641466541594e+01
9.407816684003910268e+01
9.479298780428513282e+01
9.503388250224783462e+01
8.628938767598148729e+01
8.269112107660721733e+01
1.452254042779844383e+02
-1.030283741193927227e+02
-1.353133606664852095e+02
-1.474884852215804187e+02
-1.378116403323627424e+02
-1.376894326305084633e+02
-1.283839121700255532e+02
-1.393486865541135558e+02
-1.541452846094946381e+02
-1.561499708448913566e+02
-1.566819527436751969e+02
-1.569858459503091694e+02
-1.580649569655658411e+02
-1.577339079310137606e+02
-1.575695483563379753e+02
-1.593210482401647994e+02
-1.597339513940496829e+02
-1.605174695957027495e+02
-1.603000119718855387e+02
-1.606706331970985389e+02
-1.612337082180962966e+02
-1.619767046568692024e+02
-1.627688738349297353e+02
-1.619889687845943627e+02
-1.629379992496434681e+02
-1.625877474939433682e+02
-1.633366265441563314e+02
-1.638914107902639330e+02
-1.641975425794946091e+02
-1.646394550760747393e+02
-1.651852983582618037e+02
-1.647771637803685962e+02
-1.664629381816738487e+02
-1.651286412830269796e+02
-1.657036819640347574e+02
-1.671038560022592776e+02
-1.666670738358675976e+02
-1.675493962059736077e+02
-1.689227781116153437e+02
-1.676601098214071044e+02
-1.684137613534629168e+02
-1.696410090200844252e+02
-1.683457618974257457e+02
-1.684527388135399235e+02
-1.699359064368574650e+02
-1.692985515213715644e+02
-1.700987376761904670e+02
-1.695159784512201213e+02
-1.706582790814911732e+02
-1.715403902635812585e+02
-1.717894151536671927e+02
-1.721274565269858670e+02
-1.712215257247096361e+02
-1.733676866297678316e+02
-1.726362877541920113e+02
-1.728273067885554326e+02
-1.730178932040738289e+02
-1.740506160018751984e+02
-1.733591603651728974e+02
-1.752668523195001455e+02
-1.754998406657836938e+02
-1.767084238097686750e+02
-1.780243071271597444e+02
-1.770324636475738771e+02
-1.770540244208954732e+02
-1.772556081798556420e+02
-1.793563086716880548e+02
-1.797948578627662641e+02
-1.789857669885826681e+02
1.795677226982876959e+02
1.796847483520345463e+02
-1.792468433696500938e+02
1.794458064646842956e+02
1.781464585851288973e+02
1.799694602281582263e+02
1.762477568837471438e+02
1.771926230409841025e+02
1.782096726344247770e+02
1.780957520264533969e+02
1.766592326932630215e+02
1.778097519929342809e+02
1.763679867257139620e+02
1.772773681603687237e+02
1.789062450792549726e+02
1.774218541139942715e+02
1.747359549979984195e+02
1.759018910734590690e+02
1.758350302452429901e+02
1.745177617868667426e+02
1.751881086021965643e+02
1.733539024328565858e+02
1.753459866165140966e+02
1.734736662009001407e+02
1.728058119701866531e+02
1.722187896552391351e+02
1.729973086336471226e+02
1.747723553730425294e+02
1.754822555336381811e+02
1.741447287132603492e+02
1.744761611208735701e+02
1.751259067781819283e+02
1.775934976711868956e+02
1.750167132997528938e+02
1.757992606575888885e+02
1.768927706132921287e+02
1.778837865035301320e+02
-1.795192630845423878e+02
-1.786243603228457459e+02
-1.779268352978466510e+02
-1.769317257916399342e+02
-1.773386675433721962e+02
-1.764536947319242017e+02
-1.760254481386313330e+02
-1.739896590054547971e+02
-1.715595132293063330e+02
-1.718669852915323872e+02
-1.720114260235236543e+02
-1.714518658943115668e+02
-1.708389038301158394e+02
-1.705492476244686202e+02
-1.719565095643593224e+02
-1.684346613603516971e+02
-1.709888371283882691e+02
-1.687435241513511244e+02
-1.693483786564814579e+02
-1.690122019007532970e+02
-1.679586890610783598e+02
-1.661509713755612268e+02
-1.664588984663169811e+02
-1.655546220302593099e+02
-1.645482236351180632e+02
-1.635004452100838535e+02
-1.635004452100838535e+02
-1.637770592554101938e+02
-1.635787166066264717e+02
-1.616218360064950730e+02
-1.615205685936004443e+02
-1.605181216991776125e+02
-1.604267420388776770e+02
-1.614312470949679437e+02
-1.597610747813367595e+02
-1.591417760084799227e+02
-1.588866673518991490e+02
-1.588866673518991490e+02
-1.572271549987629271e+02
-1.583066144198367340e+02
-1.568828286492379505e+02
-1.567040830466443992e+02
-1.558189397476943725e+02
-1.553368151876935599e+02
-1.555627555559989048e+02
-1.541790505260676127e+02
-1.535007969425753345e+02
-1.539656104762199789e+02
-1.539656104762199789e+02
-1.528225531834223148e+02
-1.533913204738911134e+02
-1.518841980252863664e+02
-1.511688933932502152e+02
-1.511574283241515957e+02
-1.511463464223209883e+02
-1.242734822329047262e+02
-1.376881116094835136e+02
-1.375327293918456633e+02
-1.380879750275729236e+02
-1.376919076205059014e+02
-1.376800179280741929e+02
-1.376635996109461644e+02
-1.383855572234297426e+02
-1.389588850949428434e+02
9.376612529395238482e+01
9.373433480979370813e+01
9.126043377775719989e+01
9.115532919221696773e+01
9.154637597493179157e+01
9.104580321778436769e+01
9.106666438809108399e+01
9.145292861465010503e+01
9.189469555791463051e+01
9.211134875368085773e+01
9.396126876493487146e+01
9.579007792343865901e+01
9.589326645136681293e+01
9.680588640499058783e+01
9.867390211143808187e+01
9.952366732382760972e+01
1.000337805980020107e+02
1.007675309462095186e+02
1.007474914341041909e+02
1.007474914341041909e+02
9.999618857296516694e+01
9.941203745248280654e+01
9.979968499672980897e+01
9.950550064930823169e+01
9.876732683001092994e+01
9.848388184856629834e+01
9.724067439184736372e+01
9.761131677034114773e+01
9.713378283531791624e+01
9.666538372874813945e+01
9.552786015940185393e+01
9.496204993504062486e+01
9.402915481213510418e+01
9.381167556145679498e+01
9.312172048218532439e+01
9.264242380196759541e+01
9.126881333616078962e+01
9.072928528200060327e+01
9.011631545303703206e+01
1.518743086926557169e+02
8.865500544359905177e+01
-1.456290562744167971e+02
-1.446075785671690994e+02
-1.434620262768806356e+02
-1.434336365669298914e+02
-1.436222056151867434e+02
-1.430757964443592414e+02
-1.417177205914851754e+02
-1.423866632440051774e+02
-1.419623539738688578e+02
-1.420060153789497406e+02
-1.416019609529328420e+02
-1.416221992831066530e+02
-1.411927716369937684e+02
-1.422873253413876853e+02
-1.412870428335147892e+02
-1.412869267324880980e+02
-1.412874313846212431e+02
-1.407264487636657577e+02
-1.408423500179849555e+02
-1.408872902753660696e+02
-1.405896206759312008e+02
-1.410085526636109705e+02
-1.404747507770848642e+02
-1.403603680455244671e+02
-1.404300949937347980e+02
-1.405772412923621459e+02
-1.406463762451464845e+02
-1.407162614993764009e+02
-1.406066494637602489e+02
-1.408852969635358363e+02
-1.402437476484785179e+02
-1.411239189507977301e+02
-1.406949692248951465e+02
-1.406620141073072716e+02
-1.414301124016920710e+02
-1.416009536314459183e+02
-1.418216655748461221e+02
-1.416978947669408342e+02
-1.419363803428026074e+02
-1.426840264385440662e+02
-1.425785585611326383e+02
-1.430739655631467429e+02
-1.431473281089137970e+02
-1.431658112393780868e+02
-1.434738241996021202e+02
-1.435494781447826824e+02
-1.433675594812546024e+02
-1.431951926354126101e+02
-1.442007325887053923e+02
-1.437010608118391133e+02
-1.436262564341564882e+02
-1.439534820878635060e+02
-1.449693010729225477e+02
-1.447220057296998164e+02
-1.451067460949738575e+02
-1.455763207291147694e+02
-1.457035892007956761e+02
-1.456806495195055788e+02
-1.458988972985835630e+02
-1.461365645499232073e+02
-1.468623860954932354e+02
-1.471669355044190013e+02
-1.481326434139466244e+02
8.273832740518164997e+01
-1.485599083301916039e+02
8.343449092889784424e+01
8.417135544940761349e+01
8.493648916404930560e+01
8.569478204852862291e+01
8.649227505668073945e+01
8.747771797497694024e+01
8.812738596547798409e+01
8.908395829046003200e+01
9.036117998730047418e+01
9.149369189215154563e+01
9.195549790419826763e+01
9.333247520284373877e+01
9.406528417224981808e+01
9.406528417224981808e+01
5.772128076345609315e+01
-1.406039399572179605e+02
-1.570027327245724109e+02
-1.571163894770584477e+02
-1.574540653745110603e+02
-1.565287614578910791e+02
-1.569804867953620544e+02
-1.565377600298797347e+02
-1.557229332757581233e+02
-1.562045043722748972e+02
-1.562045043722748972e+02
-1.558275937134957019e+02
-1.562010238113945491e+02
-1.546480972239007485e+02
-1.538619560397993098e+02
-1.541501495032770777e+02
-1.540556774426968047e+02
-1.541346298619990307e+02
-1.530596168528369390e+02
-1.481886362358800682e+02
-1.481886362358800682e+02
-1.524630010158761593e+02
-1.467072632305887794e+02
-1.180451298347578870e+02
-9.007490623568432397e+01
8.990269626622693977e+01
9.078826428725450626e+01
7.161055189275342059e+01
6.842576524526872106e+01
6.870206646073781087e+01
8.071429187418347340e+01
8.071429187418347340e+01
9.330973284987503291e+01
9.248825959181306189e+01
9.305156145023077841e+01
9.233356646038571114e+01
9.281149509618030891e+01
9.334613243815545047e+01
9.331427150173429652e+01
9.439895271117349296e+01
9.386845843293586711e+01
9.430687849098234210e+01
9.430687849098234210e+01
9.509879960253633158e+01
9.419328302855485902e+01
9.383696108990865525e+01
9.436426274922727941e+01
9.450884366405247761e+01
9.440361037054776716e+01
9.421244924700532408e+01
9.480047791844584992e+01
9.383367842033280226e+01
9.438594592573221576e+01
9.438594592573221576e+01
9.399569547515706347e+01
9.413671234092798557e+01
9.358126790687543917e+01
9.382225808051963156e+01
9.348442194491751422e+01
9.348442194491751422e+01
-1.448883918972087486e+02
9.369016337797737037e+01
9.325143959156245899e+01
9.327569941428551203e+01
9.327569941428551203e+01
9.307064711895208120e+01
9.280711746358846881e+01
9.237909036556800402e+01
9.194273558583158490e+01
9.240368132505669507e+01
9.198299263723582442e+01
9.202813104267943345e+01
9.202813104267943345e+01
9.222328621051870812e+01
9.180642612919612588e+01
9.180642612919612588e+01
9.210295546114892318e+01
9.180642612919612588e+01
9.210295546114892318e+01
9.210295546114892318e+01
9.160349250182851222e+01
9.160349250182851222e+01
9.133264324498578901e+01
9.142737552883481555e+01
9.136662044282741135e+01
9.136662044282741135e+01
9.136662044282741135e+01
9.142737552883481555e+01
9.173848718728024210e+01
9.155024787397636032e+01
9.155024787397636032e+01
9.169045263800995826e+01
9.138187899182378260e+01
9.172195253383993929e+01
9.189900174200859340e+01
9.206199466891766292e+01
9.181561398808767649e+01
9.220184379894530480e+01
9.204803135025629501e+01
9.203605584307095455e+01
9.224427444055254455e+01
9.233255822422550807e+01
9.256239448779781753e+01
9.294128593232653657e+01
9.269405908987836540e+01
9.269405908987836540e+01
1.233745710858901390e+02
1.233745710858901390e+02
9.818359587028891156e+01
9.292628254766357543e+01
9.331009186531220223e+01
9.309310909746929497e+01
9.274585858341255573e+01
9.311306747386169036e+01
9.297788269852983944e+01
9.297788269852983944e+01
9.334304163906547558e+01
3.340619948745654710e+01
3.340619948745654710e+01
9.292514617457547388e+01
9.344467972844714154e+01
9.344467972844714154e+01
9.346406669334466244e+01
9.379823006090717286e+01
9.337224972052126759e+01
9.340986850273878872e+01
9.340986850273878872e+01
9.304081990036330296e+01
9.282506169216044611e+01
9.365872261137286614e+01
9.365872261137286614e+01
9.366215075525092004e+01
9.424838096723210867e+01
9.386348715226895933e+01
9.386348715226895933e+01
9.364492002900048817e+01
9.325891137459333891e+01
9.377918381242686507e+01
9.388772768098483823e+01
9.388772768098483823e+01
9.388772768098483823e+01
9.349067332659039664e+01
9.399379498474952754e+01
9.381087898113526080e+01
9.292513006766647266e+01
9.298673759572548647e+01
9.257735195424548635e+01
9.272815519739046408e+01
9.233196445534844088e+01
9.254794343127437628e+01
9.200309498213114523e+01
9.264862868367839610e+01
9.236918028676105052e+01
9.222478138258881586e+01
9.242259788471857007e+01
9.242259788471857007e+01
9.250617803864794553e+01
9.269916430552277120e+01
9.279380919297175012e+01
9.268769508353935294e+01
9.352154568371840071e+01
9.286786494858858987e+01
9.345639621080852066e+01
9.388475880170310006e+01
9.441970445431257986e+01
9.403156736039981922e+01
9.427117071698069140e+01
9.429382511369958308e+01
9.412239067397902659e+01
9.407670620947979501e+01
9.466617151113949546e+01
9.449765078486551317e+01
9.513331194940683133e+01
9.489394005188506753e+01
9.515424667569671158e+01
9.510515333267129279e+01
9.493129549954281288e+01
9.583312699082959796e+01
9.576521518668756983e+01
9.474618628737944448e+01
9.516059958808442332e+01
9.546654435616218848e+01
9.537484989511536071e+01
9.553889830050387388e+01
9.512687334202811940e+01
9.424113232519475503e+01
9.461961746951780583e+01
9.407732722317014407e+01
9.366835907177939191e+01
9.340485393900223698e+01
9.319030337128332064e+01
9.296319440403460987e+01
9.283461006808944660e+01
9.260985349341117967e+01
9.291750709993434043e+01
9.268418035618660156e+01
9.357019802043242862e+01
9.326927021041740318e+01
9.319920807819842423e+01
9.335010781558874271e+01
9.418403795846141691e+01
9.514385535626944090e+01
9.609834908024213007e+01
9.579464176671406506e+01
9.547835746875762197e+01
9.542305327126878467e+01
9.550344883804994822e+01
9.601131171201112124e+01
9.598995028579165023e+01
9.540946212352028510e+01
9.592754764148764934e+01
8.641367768419435436e+01
8.040292513182875211e+01
8.993183507659163922e+01
-1.147884719441366030e+02
-1.488035965328418513e+02
-1.525015355384411464e+02
-1.525571226011671229e+02
-1.531374866265159653e+02
-1.532461955748724733e+02
-1.532461955748724733e+02
-1.520487091561699344e+02
-1.498234191616537885e+02
-1.527972404026023412e+02
-1.527972404026023412e+02
-1.527972404026023412e+02
-1.527972404026023412e+02
-1.527972404026023412e+02
-1.528986542684195058e+02
-1.527147584080890397e+02
-1.528242585381697154e+02
-1.526386818923877229e+02
-1.521419668279208963e+02
-1.520477400068744203e+02
-1.526368511473498586e+02
-1.523268540142326231e+02
-1.523268540142326231e+02
-1.530508156215040572e+02
-1.534246443019453636e+02
-1.528193532257424465e+02
-1.528193532257424465e+02
-1.488594996616969581e+02
-1.157502392315385009e+02
-8.975933332463262104e+01
7.751179449171348779e+01
7.125251712117068337e+01
9.661329429890405152e+01
9.612118119681693429e+01
9.587106169868705763e+01
9.642418204926943304e+01
9.642418204926943304e+01
9.559086856357926365e+01
9.584415006734269582e+01
9.575205506270842193e+01
9.584716867508966232e+01
9.574079474856324623e+01
9.576410495631158426e+01
9.576410495631158426e+01
9.539790244485226367e+01
9.575905125448132083e+01
9.541732669092948527e+01
9.541732669092948527e+01
9.457051423651000732e+01
9.504312466690531380e+01
9.478484722782184235e+01
9.469629489718489879e+01
9.469629489718489879e+01
9.558033154712104817e+01
9.615234599925921088e+01
9.615674134615930768e+01
9.615674134615930768e+01
9.563025412548741144e+01
9.563025412548741144e+01
9.562661171769478585e+01
9.583692461655569161e+01
9.589208190775403295e+01
9.577964942616776511e+01
9.696703518023457491e+01
9.116152205737620307e+01
-1.288040477228777831e+02
-1.576669886591185445e+02
-1.587037458506610790e+02
-1.600625468097706516e+02
-1.600625468097706516e+02
-1.603753859656185341e+02
-1.608313083764549845e+02
-1.620030061346730577e+02
-1.632563157619300398e+02
-1.642916826019424832e+02
-1.652216809442129204e+02
-1.661567750068842599e+02
-1.663896306812843591e+02
-1.672954033451837290e+02
-1.663241163017143265e+02
-1.663241163017143265e+02
-1.666442973161546774e+02
-1.654163782416437698e+02
-1.640091829580740921e+02
-1.628973504402293884e+02
-1.625069333886525271e+02
-1.610766354257660282e+02
-1.577534983891605975e+02
9.735065514868354342e+01
9.518614944232197672e+01
9.238410410788874572e+01
9.238410410788874572e+01
9.029289542854084516e+01
8.773266220423188599e+01
8.650159176052764565e+01
1.591271478889215700e+02
-1.458019651527928886e+02
-1.455436355689010952e+02
-1.446768360960084294e+02
-1.456425649758551231e+02
-1.461260424088700915e+02
-1.464412120673490278e+02
-1.464412120673490278e+02
-1.474407143589196210e+02
8.649523648605122617e+01
8.762108295430182636e+01
8.912554385391378275e+01
9.107198143011073910e+01
9.341848211208582597e+01
9.545805295627206988e+01
-1.644219569478183018e+02
-1.485085860980632617e+02
-1.506607370816738865e+02
-1.538380211992068212e+02
-1.572585460714879275e+02
-1.607866272199866842e+02
-1.656250252421175162e+02
-1.693449419149094126e+02
-1.721719874470094283e+02
-1.746181580230636143e+02
-1.737801658552743334e+02
-1.746732372185722113e+02
-1.727649309353781177e+02
-1.703479411274734048e+02
-1.688755650270181832e+02
-1.677258469815363640e+02
-1.677093569440783085e+02
-1.662062071241488752e+02
-1.647968671134712508e+02
-1.642486613901350836e+02
-1.633975454249063546e+02
-1.634730933527178536e+02
-1.647316954158314388e+02
-1.657270434705124273e+02
-1.660112296905806204e+02
-1.666444254340236455e+02
-1.671132188464426065e+02
-1.667800763545038762e+02
-1.659118227176176674e+02
-1.639846849604860779e+02
-1.631198191294935214e+02
-1.623602310938210564e+02
-1.629796259168242614e+02
-1.645317264829879775e+02
-1.649301959253623977e+02
-1.669229583872576939e+02
-1.664706292275496367e+02
-1.660230090520557269e+02
-1.657030544992416026e+02
-1.653898080164260307e+02
-1.645882781865958862e+02
-1.646512510723155174e+02
-1.649074212545231148e+02
-1.650769717322512520e+02
-1.654619650348454059e+02
-1.653044004706566739e+02
-1.646492807854076261e+02
-1.645512230580389428e+02
-1.635105492290190341e+02
-1.644663698799007818e+02
-1.653536681678100138e+02
-1.650729354229553678e+02
-1.640955422038739755e+02
-1.638683057308890625e+02
-1.629108373670261187e+02
-1.627321540890177118e+02
-1.629682994344970837e+02
-1.629682994344970837e+02
-1.637103848889230449e+02
-1.637103848889230449e+02
-1.629929637223179100e+02
-1.636808117874041102e+02
-1.636514185656380675e+02
-1.630597029611761002e+02
-1.640384496646320827e+02
-1.638871887408730856e+02
-1.631561001057345379e+02
-1.641662375042956512e+02
-1.641662375042956512e+02
-1.631561001057345379e+02
-1.633010652292875591e+02
-1.644209686502818784e+02
-1.644209686502818784e+02
-1.646050129726388036e+02
-1.646050129726388036e+02
-1.646050129726388036e+02
-1.652058129313204802e+02
-1.638821221344921639e+02
-1.640365218616118455e+02
-1.640365218616118455e+02
-1.640365218616118455e+02
-1.644639331286045945e+02
-1.644639331286045945e+02
8.544129232790611184e+01
-1.640133220051584999e+02
-1.650347136644973318e+02
-1.655472096592275477e+02
-1.658710264800191965e+02
-1.657823928699380645e+02
-1.659637930409671469e+02
-1.661456697121041657e+02
-1.665904156151227653e+02
-1.664511258433526280e+02
-1.654965679144460466e+02
-1.659165733532537956e+02
-1.657318569082599424e+02
8.603739932111797373e+01
-1.657776817379427143e+02
-1.657776817379427143e+02
-1.655879144656269943e+02
-1.657776817379427143e+02
-1.650727001856560889e+02
-1.655879144656269943e+02
-1.655879144656269943e+02
-1.655879144656269943e+02
8.585009999353124499e+01
8.585009999353124499e+01
-1.655879144656269943e+02
-1.655879144656269943e+02
-1.657776817379427143e+02
-1.657776817379427143e+02
-1.659165733532537956e+02
-1.651830230969444813e+02
-1.655227007052622241e+02
-1.658521369357673905e+02
-1.659898408619630743e+02
-1.659898408619630743e+02
-1.653688159273962128e+02
-1.653688159273962128e+02
-1.653688159273962128e+02
-1.653688159273962128e+02
-1.653565804308288136e+02
-1.656855494733263185e+02
-1.651035687172042401e+02
-1.649898212811319524e+02
-1.652123031172253320e+02
-1.645405236363633605e+02
-1.633559266237807890e+02
-1.636641871715118270e+02
-1.633945760741430036e+02
-1.631272800602316408e+02
-1.631405621918427471e+02
-1.617232373608083265e+02
-1.617232373608083265e+02
-1.613092576294346543e+02
-1.627094781056415513e+02
-1.627313184696103860e+02
-1.625523598379799921e+02
-1.627083315371135086e+02
-1.625746478576168670e+02
-1.632590402789673192e+02
-1.630784924984130839e+02
-1.629339605592787166e+02
-1.636290464754154925e+02
-1.635574231687516544e+02
-1.621484952172515079e+02
-1.616041720232649084e+02
-1.616778076007566654e+02
-1.611087346642962075e+02
-1.611087346642962075e+02
-1.607638865580268259e+02
-1.605832974275444940e+02
-1.599326504701912199e+02
-1.606935801535190365e+02
-1.602840654626648416e+02
-1.603396405914846241e+02
-1.599189250899307808e+02
-1.598269927498597553e+02
-1.589027663967728756e+02
-1.604349292672848151e+02
-1.604349292672848151e+02
-1.597308419565634665e+02
-1.593095893422901668e+02
-1.594307155270863632e+02
-1.593924847815689532e+02
-1.606230919019281771e+02
-1.596767605526353861e+02
-1.602409481463788552e+02
-1.610276114769071683e+02
-1.592301372650661051e+02
-1.595758047072392856e+02
-1.595758047072392856e+02
-1.601608739217365951e+02
-1.605908786473308680e+02
-1.599326504701912199e+02
-1.611195791896021206e+02
-1.606280620535050616e+02
-1.608773432055477599e+02
-1.608046149745007369e+02
-1.603325077126895621e+02
-1.618460883516854096e+02
-1.621253467858707609e+02
-1.621253467858707609e+02
-1.618502389847106144e+02
-1.629873548655208708e+02
-1.626496751839625006e+02
-1.630506415898762782e+02
-1.634273312615545706e+02
-1.632718510948786843e+02
-1.631716329826476795e+02
-1.635021688137331068e+02
-1.629718380594843552e+02
-1.628984033491210539e+02
-1.628984033491210539e+02
-1.628330012289637523e+02
-1.628944329591538462e+02
-1.626436252454161888e+02
-1.630549285612339929e+02
-1.627689998883525959e+02
-1.623202643862437071e+02
-1.614576187954117756e+02
-1.613257324469333014e+02
-1.611952894164235772e+02
-1.607089189883099323e+02
-1.607089189883099323e+02
-1.605797899663070609e+02
-1.600584373187459732e+02
-1.605095083626550547e+02
-1.594213459180678853e+02
-1.595546591715520890e+02
-1.594713089776174115e+02
-1.593882324050225350e+02
-1.600098110487051031e+02
-1.591748258258723752e+02
-1.596043954220828596e+02
-1.596043954220828596e+02
-1.601914040230971921e+02
-1.594713089776174115e+02
-1.604034712287446496e+02
-1.605293874003292558e+02
-1.598969609381919952e+02
-1.604012224600958234e+02
-1.607509401827968532e+02
-1.597545396373890583e+02
-1.605688554118491140e+02
-1.598063494438791281e+02
-1.598063494438791281e+02
-1.606349542263377543e+02
-1.598907913802635221e+02
-1.609253925727926173e+02
-1.605895775760038759e+02
-1.608032358261571062e+02
-1.608032358261571062e+02
-1.600200374773745011e+02
-1.601493713144273840e+02
-1.597413089948760501e+02
-1.593293340380269569e+02
-1.593293340380269569e+02
-1.597807311987582182e+02
-1.594871259902548104e+02
-1.591577734383705547e+02
-1.601691809469152190e+02
-1.594887744813364634e+02
-1.590643200153281782e+02
-1.593625719979542055e+02
-1.588642018421589626e+02
-1.591720380995192272e+02
-1.592638431582751082e+02
-1.584266309806320407e+02
-1.590727052483532873e+02
-1.584323767007692823e+02
-1.582770208493566599e+02
-1.585831434206353663e+02
-1.585831434206353663e+02
-1.588985329043094907e+02
-1.586663136075245006e+02
-1.586663136075245006e+02
-1.586663136075245006e+02
-1.586663136075245006e+02
-1.583875175890795504e+02
-1.583875175890795504e+02
-1.584416246726519262e+02
-1.587868875790194352e+02
-1.587868875790194352e+02
-1.595724986350178085e+02
-1.595601661851404742e+02
-1.595601661851404742e+02
-1.595601661851404742e+02
-1.589557540551166142e+02
-1.589557540551166142e+02
-1.589557540551166142e+02
-1.589557540551166142e+02
-1.586685593197454125e+02
-1.589929348316953224e+02
-1.589929348316953224e+02
-1.585616812969552143e+02
-1.585616812969552143e+02
-1.585616812969552143e+02
-1.585616812969552143e+02
-1.585616812969552143e+02
-1.585616812969552143e+02
-1.585616812969552143e+02
-1.588226701646189269e+02
-1.588226701646189269e+02
-1.588226701646189269e+02
-1.585991302073221902e+02
-1.585167890226968552e+02
-1.594029305122327003e+02
-1.585991302073221902e+02
-1.585991302073221902e+02
-1.589449312771808991e+02
-1.587405132974930666e+02
-1.589449312771808991e+02
-1.588586172608649463e+02
-1.597513603352683447e+02
-1.599314815043300939e+02
-1.593128204232604048e+02
-1.593963352181951336e+02
-1.597080742487234772e+02
-1.595275697104746371e+02
-1.596576204986339178e+02
-1.596846951586670400e+02
-1.598021265117483267e+02
-1.606043912500366559e+02
-1.604449088557303469e+02
-1.598381594220470276e+02
-1.585346747003605401e+02
-1.585360065563289425e+02
-1.582453986282459937e+02
-1.583922408733095892e+02
-1.588845075690311432e+02
-1.590399608664621098e+02
-1.590648590200383978e+02
-1.589114175274294780e+02
-1.601801840106184329e+02
-1.608119374737453597e+02
-1.618380481817050907e+02
-1.649469558964551652e+02
-1.686130937873683138e+02
