-6.057720929965255152e+01
-5.488234218790351804e+01
-8.680023821910900494e+01
-8.743998062179429098e+01
-5.473438502262204963e+01
-8.605723637229290546e+01
-5.431728014745934274e+01
-6.976706568723530211e+01
-6.976706568723530211e+01
-8.604072636321235734e+01
-8.685442636353253931e+01
-8.624435553604983795e+01
-5.511307347503070275e+01
-5.511307347503070275e+01
-8.707175346135147720e+01
-8.707175346135147720e+01
-8.707175346135147720e+01
-4.439876492279577747e+01
-4.439876492279577747e+01
-8.613657698589638301e+01
-5.511494499033747019e+01
-5.511494499033747019e+01
-8.748925766771726842e+01
-5.401114329313691087e+01
-9.255774741068528044e+01
-5.400648600432610635e+01
-5.441255340516014627e+01
-5.502945456605675645e+01
-5.467622837170935668e+01
-5.421670880071906851e+01
-5.421670880071906851e+01
-5.347958222141036089e+01
-5.438599392685776479e+01
-5.476145829223344208e+01
-8.522137145412951043e+01
8.690319232130332239e+01
-8.985329722729538560e+01
-8.618029865647193333e+01
-5.228588815713301585e+01
-5.253595019425993229e+01
-5.253365539979383669e+01
-5.209807817828653498e+01
-5.258463917411862809e+01
-5.300630689054489864e+01
-5.349107748142667873e+01
-5.348495039099125137e+01
-5.281614021035377959e+01
-5.366212348449153779e+01
-5.323977227769771048e+01
-5.364682090669710846e+01
-5.323850418709614019e+01
-5.414237412315303288e+01
-5.368859589181507630e+01
-5.320384016407593464e+01
-5.301235928214661897e+01
-5.299084833177885656e+01
-5.393817954430161166e+01
-8.663769477806032171e+01
-5.441112373042320627e+01
-8.657334941259672689e+01
-1.313197607729154583e+02
-5.410554844551326426e+01
-8.725495562059310828e+01
-8.372069328004465660e+01
-5.410719726285280728e+01
-5.364422518032601772e+01
-5.411233854754920714e+01
-5.236251064036265035e+01
-5.458939510550085572e+01
-5.412396346410737635e+01
-5.236251064036265035e+01
-5.236251064036265035e+01
-5.411233854754920714e+01
-5.451638168031819021e+01
-5.458492648919064294e+01
-5.370050665593807793e+01
-8.522137145412951043e+01
-9.080602169332185269e+01
1.010976258198572566e+02
-9.851230201239958717e+01
-9.080602169332185269e+01
-5.384567548726333541e+01
-8.522137145412951043e+01
-8.522137145412951043e+01
-8.522137145412951043e+01
-1.775718484537676432e+02
-1.775718484537676432e+02
-1.775718484537676432e+02
-1.775718484537676432e+02
-1.775718484537676432e+02
-8.522137145412951043e+01
-5.410810993513643297e+01
-5.410810993513643297e+01
-5.410810993513643297e+01
-8.634631257705871121e+01
-5.411124059999768576e+01
-5.411124059999768576e+01
-5.410259561128850692e+01
-5.410259561128850692e+01
-5.410259561128850692e+01
-5.410259561128850692e+01
3.647188710730163308e+01
-5.411124059999768576e+01
-5.411124059999768576e+01
-8.634631257705871121e+01
-8.634631257705871121e+01
-8.634631257705871121e+01
-5.411010918509128942e+01
-5.383877556570545408e+01
-5.383243431177781702e+01
-5.425141291261417820e+01
-5.425141291261417820e+01
-5.432079796463601440e+01
-5.432079796463601440e+01
-5.432079796463601440e+01
-5.430996296550106450e+01
-5.430996296550106450e+01
-5.472719923888891458e+01
-1.197070252267021289e+02
-5.473065598010394694e+01
-5.473065598010394694e+01
-5.432641647681342789e+01
-5.480287790059563235e+01
-5.432290664993408313e+01
-5.473466089181030014e+01
-5.473466089181030014e+01
-5.473920554042150854e+01
-7.362083469561159177e+01
-8.588108797186744425e+01
-8.588108797186744425e+01
-8.575653733143649049e+01
-7.362083469561159177e+01
-7.362083469561159177e+01
-5.426108702818000751e+01
-8.619936295651500302e+01
-8.619936295651500302e+01
-8.619936295651500302e+01
-8.619936295651500302e+01
-8.619936295651500302e+01
-5.309322519751464853e+01
-5.309322519751464853e+01
-5.426308640649963877e+01
-5.426308640649963877e+01
-5.426308640649963877e+01
-5.426308640649963877e+01
-5.426308640649963877e+01
-5.426308640649963877e+01
-5.426308640649963877e+01
-5.426308640649963877e+01
-5.426308640649963877e+01
-5.426308640649963877e+01
-5.426308640649963877e+01
-5.425141291261417820e+01
-5.425141291261417820e+01
-5.425141291261417820e+01
-5.425141291261417820e+01
-5.383243431177781702e+01
-5.383243431177781702e+01
-5.383243431177781702e+01
-5.383243431177781702e+01
7.609813396215740511e+01
-5.424863580590690759e+01
-5.091733727521831554e+01
-5.045769781983121050e+01
-8.624507441040258016e+01
-8.628022164962985130e+01
-5.394885128210477632e+01
-5.305340011028207670e+01
-5.308294641077928588e+01
-5.281131689072493884e+01
-5.346073376843411040e+01
-5.274946905422501686e+01
-5.316653335105994671e+01
-5.340554995157402374e+01
-5.360401893184830868e+01
-5.394489185787930552e+01
-5.355375252498781435e+01
-5.389418701201818607e+01
-5.437272163275458325e+01
-5.428147808761936943e+01
-5.374468612942672507e+01
-5.382686695510997765e+01
-5.458025440832025055e+01
-5.404576984073263901e+01
-5.445644027503704621e+01
-5.391458710030297397e+01
-5.456023223341877326e+01
-5.434323907100601048e+01
-4.647827564450901860e+01
-4.096840940061489533e+01
-1.171962202461988767e+02
-6.677990592770983369e+01
-1.043931942433817284e+02
-8.519166618820696613e+01
-9.466023261917594311e+01
-9.431591621880427567e+01
-1.017206894598632232e+02
-8.762933866266165239e+01
-8.910603482026000677e+01
-9.038691516005297899e+01
-9.116851572281424865e+01
-9.107073880469926053e+01
-9.158704847856974141e+01
-9.128297602182212245e+01
-9.178230322402909280e+01
-9.236766439695924191e+01
-9.249340369356094982e+01
-9.305746232557882536e+01
-9.277854077176213821e+01
-9.297936334042518070e+01
-9.303540441644229020e+01
-9.429739496241003849e+01
-9.352458838798068541e+01
-9.407895697675434121e+01
-9.399913942787959797e+01
-9.370158965925445216e+01
-9.397479704846514892e+01
-9.413394040140178731e+01
-9.422662334923499827e+01
-9.434991321784056595e+01
-9.578008715814394236e+01
-9.505992814451639106e+01
-9.545779930135869051e+01
-9.460702803476674205e+01
-9.507214442902932205e+01
-9.597265965749885197e+01
-9.604265871491644191e+01
-9.560405257654196021e+01
-9.657195186983231849e+01
-9.628916617498558139e+01
-9.556742030027027113e+01
-9.649939449070366493e+01
-9.621054375724831687e+01
-9.568217198746405927e+01
-9.658787956498377980e+01
-9.613236079148991564e+01
-9.670156000731871870e+01
-9.597247076909499697e+01
-9.711331638578553793e+01
-9.698255559304323015e+01
-9.675124459265522603e+01
-9.683798850969269267e+01
-9.602917910741543039e+01
-9.738247323656136700e+01
-9.732791774893054537e+01
-9.663546684429164202e+01
-9.745368275062202201e+01
-9.702739165538680766e+01
-9.681520252478652822e+01
-9.758434123280183314e+01
-9.631850149262722027e+01
-9.747905767862552295e+01
-9.768900347912723703e+01
-9.663448348000882504e+01
-9.681933163384964303e+01
-9.603543395305830188e+01
-9.695105797914145285e+01
-9.663198048237745752e+01
-9.627929608643650283e+01
-9.687406987294465921e+01
-9.675154072830098073e+01
-9.516438101266560068e+01
-9.578268967776585896e+01
-9.627648462365195314e+01
-9.432521866263171262e+01
-9.655316798830227754e+01
-9.549432550123633234e+01
-9.543955482607891838e+01
-9.550914146930610116e+01
-9.559045742214675556e+01
-9.551186518309529561e+01
-9.608373563767347036e+01
-9.510684833913779812e+01
-9.598335458129599829e+01
-9.651870082304326104e+01
-9.676863964929596307e+01
-9.666344911087206526e+01
-9.668017688813412747e+01
-9.782909666551221051e+01
-9.579854417942360101e+01
-9.693747530485322272e+01
-9.576098234569559509e+01
-9.593208852704238154e+01
-9.653953965719784946e+01
-9.663211149572353520e+01
-9.711654696316431057e+01
-9.573920559099634886e+01
-9.517775961050256228e+01
-9.632404225508878426e+01
-9.624711876152174739e+01
-9.502823933335071160e+01
-9.538925558622450751e+01
-9.660233840150148410e+01
-9.521871931793270960e+01
-9.617129757217995234e+01
-9.489160354554149990e+01
-9.474151849513505397e+01
-9.351006254914061344e+01
-9.455819530373261728e+01
-9.332484701811939942e+01
-9.479743928581000034e+01
-9.363163703122938841e+01
-9.465540509332272734e+01
-9.307488201974517494e+01
-9.426317800308825667e+01
-9.345136895648167297e+01
-9.395767892429482515e+01
-9.398772768775222630e+01
-9.341441675593645755e+01
-9.338497252210055422e+01
-9.427114514939043488e+01
-9.356306744230899142e+01
-9.416790266167912193e+01
-9.319937261710907705e+01
-9.350753665593389030e+01
-9.347391440625956704e+01
-9.422016554170362213e+01
-9.312183821347166202e+01
-9.358483269906308522e+01
-9.290252538748943323e+01
-9.186502785950911232e+01
-9.256873566455210778e+01
-9.256873566455210778e+01
-9.177373208639193081e+01
-9.215352257514801693e+01
-9.193052376370779655e+01
-9.125128969088683561e+01
-9.195142404824122195e+01
-9.126991627461174517e+01
-9.202751263954644401e+01
-9.117492736132416553e+01
-9.071985271560772901e+01
-9.122360153263447557e+01
-9.122360153263447557e+01
-9.106473585322883935e+01
-9.112902534987416914e+01
-9.073277043311975376e+01
-9.105764652147458094e+01
-9.007710620819625547e+01
-9.061293034328660667e+01
-9.037766044894249262e+01
-8.957466936339369568e+01
-8.963369576347132295e+01
-9.046341979999050409e+01
-9.046341979999050409e+01
-8.951551833353215670e+01
-8.968423122352596977e+01
-8.952720976308624756e+01
-8.838183789109926636e+01
-8.936751621647248101e+01
-8.868821098928424362e+01
-9.317876771373396139e+01
-7.981963676541721497e+01
-7.894569027746426571e+01
-7.882816872022000609e+01
-7.852752169770299417e+01
-7.819689897995351657e+01
-7.748501422269346506e+01
-7.796299253144508157e+01
-7.734808704171693705e+01
-4.657873282076504751e+01
-5.309568462229123043e+01
-5.646525986581692536e+01
-6.071161796142980904e+01
-6.445514105436258490e+01
-6.721693255493153174e+01
-6.799343801655483333e+01
-6.846356891567310754e+01
-6.863775311530805823e+01
-6.858029260126431836e+01
-6.958785587839921050e+01
-7.099847136266475900e+01
-7.030901076083378598e+01
-7.036684136778690402e+01
-7.132607212809708130e+01
-7.140834194182910721e+01
-7.211828460737258695e+01
-7.234435568110184533e+01
-7.170069286736018910e+01
-7.170069286736018910e+01
-7.132011563422570077e+01
-7.209128173661854078e+01
-7.208633570832941473e+01
-7.185821192665258650e+01
-7.209536082853318817e+01
-7.186805911929225488e+01
-7.149004269145649459e+01
-7.182174677817179997e+01
-7.156224357979553474e+01
-7.130751654470903134e+01
-7.130877002347895655e+01
-7.051406239343729965e+01
-7.105968132811042892e+01
-7.029823595551494009e+01
-7.034156748668569037e+01
-7.060744945386421989e+01
-7.019088693016807667e+01
-6.987727257841407891e+01
-6.996703970876973244e+01
-9.509512864624917938e+01
-6.839946757469321881e+01
-8.753724007926639672e+01
-8.721067240691495215e+01
-8.708206610625913413e+01
-8.683329577655430853e+01
-8.774589195695899946e+01
-8.714324975870580658e+01
-8.659653419830839027e+01
-8.727073935847855068e+01
-8.739347917983202763e+01
-8.659945150658333546e+01
-8.672205851738196714e+01
-8.662628513323868162e+01
-8.617856426533748504e+01
-8.659444799965419293e+01
-8.592566955920746352e+01
-8.587023515371787141e+01
-8.581540724152947064e+01
-8.553079436537440472e+01
-8.537223108142269723e+01
-8.531049318455904995e+01
-8.477891912485382875e+01
-8.507770770648227199e+01
-8.472605867468693930e+01
-8.475515151516613344e+01
-8.468273054014497347e+01
-8.449470359660578822e+01
-8.442426174338358180e+01
-8.493791906938398029e+01
-8.434261808453464937e+01
-8.477997762197533405e+01
-8.388290467809419226e+01
-8.513402874264089348e+01
-8.406287147717218033e+01
-8.360845375598397311e+01
-8.484659622224459952e+01
-8.481489720804722765e+01
-8.410998280241854275e+01
-8.425923883536458447e+01
-8.415654710435140373e+01
-8.499120541913754323e+01
-8.505717305034184506e+01
-8.550574999567348300e+01
-8.541481890504242358e+01
-8.556555218654706607e+01
-8.545020368934929422e+01
-8.535857895637080617e+01
-8.556204641390114318e+01
-8.519658553326827644e+01
-8.590350773532065887e+01
-8.512422059473635727e+01
-8.479505589323460413e+01
-8.523735670211081583e+01
-8.658060342288392519e+01
-8.552222408420175270e+01
-8.617798835740400420e+01
-8.595197462175089242e+01
-8.658169686887053729e+01
-8.625419463735485692e+01
-8.617726302328891563e+01
-8.624732343991756522e+01
-8.675513688209289853e+01
-8.669614316449711566e+01
-8.743940506899292586e+01
-4.880528795384538654e+01
-8.708665009777892863e+01
-4.898502947784501771e+01
-4.922331759010688046e+01
-4.898963456344218059e+01
-4.868541493118441110e+01
-4.892679465950049433e+01
-4.980334811120253846e+01
-4.959653810496050852e+01
-4.944781783213758786e+01
-5.032940518519077244e+01
-5.139481054960357653e+01
-5.026690692705424368e+01
-5.133414635523195813e+01
-5.223939231947554873e+01
-5.223939231947554873e+01
-2.096029016649401200e+01
-8.340565907020088332e+01
-9.218940134669132647e+01
-9.194703881614205443e+01
-9.258324647607875590e+01
-9.163882624355780138e+01
-9.147025704360979148e+01
-9.128267885881697907e+01
-9.097837398663423869e+01
-9.123341215985017527e+01
-9.123341215985017527e+01
-9.042804005185448091e+01
-9.064751621866118114e+01
-9.020258784477150016e+01
-8.968700367907872817e+01
-8.939392161569276141e+01
-8.958939848456299160e+01
-9.012513648931077626e+01
-8.946394792218458747e+01
-8.705401809558090065e+01
-8.705401809558090065e+01
-8.905234845882515060e+01
-8.742448374983567305e+01
-5.410783589787673975e+01
-6.742636587824138417e+01
5.486136006415642807e-01
-9.383052085830851041e+00
-4.653251024503635591e+00
-3.768467126158968483e+01
-3.363920030012205586e+01
-4.211327110847009436e+01
-4.211327110847009436e+01
-6.778166517542375402e+01
-6.808366827654077724e+01
-6.767996953656682990e+01
-6.738490318935438950e+01
-6.729437230652837343e+01
-6.637514051544275162e+01
-6.504058879346823119e+01
-6.387552402224250159e+01
-6.315052522492674569e+01
-6.224535528959492581e+01
-6.224535528959492581e+01
-6.187094538271799138e+01
-6.091775518321800575e+01
-6.021671868994705079e+01
-5.952391351647976592e+01
-5.995082782817988942e+01
-5.844108638504771847e+01
-5.756088605787844870e+01
-5.774223596050865126e+01
-5.692990467792002818e+01
-5.774324301376777413e+01
-5.774324301376777413e+01
-5.643827713478413699e+01
-5.594231809955909540e+01
-5.583554260579634843e+01
-5.628107430863044414e+01
-5.478012217429545672e+01
-5.478012217429545672e+01
-8.887862812582029903e+01
-5.442678678260626413e+01
-5.379533209455410514e+01
-5.379020719451146704e+01
-5.379020719451146704e+01
-5.305438537823941658e+01
-5.256513397339899996e+01
-5.196401921239353783e+01
-5.190367140505659904e+01
-5.200634660528942987e+01
-5.141824229077301567e+01
-5.235148793704768622e+01
-5.235148793704768622e+01
-5.196820795575236218e+01
-5.138371495712063819e+01
-5.138371495712063819e+01
-5.186968050354475679e+01
-5.138371495712063819e+01
-5.186968050354475679e+01
-5.186968050354475679e+01
-5.172744227544514217e+01
-5.172744227544514217e+01
-5.124343292829303209e+01
-5.123509044824905345e+01
-5.061817375189856705e+01
-5.061817375189856705e+01
-5.061817375189856705e+01
-5.123509044824905345e+01
-5.175400145866827728e+01
-5.127146923514104770e+01
-5.127146923514104770e+01
-5.083615006094608901e+01
-5.034833517661747493e+01
-5.130039208149064933e+01
-5.162103476839299532e+01
-5.119593831145749618e+01
-5.117732069319377075e+01
-5.169505317681266376e+01
-5.195434176266685711e+01
-5.238192855551743321e+01
-5.183465159441385595e+01
-5.191007661289830111e+01
-5.232346484383965901e+01
-5.290308657766731670e+01
-5.244282857610637194e+01
-5.244282857610637194e+01
-7.832640459338956873e+01
-7.832640459338956873e+01
-4.872265723263587489e+01
-5.366400886923820934e+01
-5.364277597355534510e+01
-5.380741940255635569e+01
-5.415701550720889657e+01
-5.476268051229116196e+01
-5.461367772908938889e+01
-5.461367772908938889e+01
-5.523047251181721151e+01
-1.781552612939086444e+01
-1.781552612939086444e+01
-5.525660025914757512e+01
-5.536531636071666895e+01
-5.536531636071666895e+01
-5.535196133638940807e+01
-5.501583307755909402e+01
-5.507825074407760013e+01
-5.499320992579279022e+01
-5.499320992579279022e+01
-5.438335675735545749e+01
-5.393579033525894317e+01
-5.366318190331499238e+01
-5.366318190331499238e+01
-5.430076351791952050e+01
-5.537797900446693689e+01
-5.475612560821353014e+01
-5.475612560821353014e+01
-5.430498348776920636e+01
-5.432295097184517374e+01
-5.448892869479451662e+01
-5.401545462193963232e+01
-5.401545462193963232e+01
-5.401545462193963232e+01
-5.340639238808925882e+01
-5.353433619759080386e+01
-5.257435862382348546e+01
-5.247705336658827946e+01
-5.199851349656785260e+01
-5.141677826270177576e+01
-5.103497375173190420e+01
-5.050249744967712928e+01
-5.099943723626213909e+01
-5.086346664777180848e+01
-5.144980641940666288e+01
-5.096504768134896324e+01
-5.139652046556565068e+01
-5.189023551128258305e+01
-5.189023551128258305e+01
-5.135335048848806139e+01
-5.228036400862197297e+01
-5.174831770123058305e+01
-5.173273739707725838e+01
-5.178141690576314460e+01
-5.098347339412647727e+01
-5.141515511502743152e+01
-5.139444701823294537e+01
-5.169770018395695388e+01
-5.046742732382163865e+01
-5.081697066891790371e+01
-5.017763190214827063e+01
-4.943395350135540411e+01
-4.932514934350076174e+01
-4.999045090146069015e+01
-4.923694978091548791e+01
-4.936763283357861098e+01
-4.914352942502841159e+01
-4.898032726864111908e+01
-4.823701591019717227e+01
-4.801221616230772327e+01
-4.914916791830331277e+01
-4.774477221935196525e+01
-4.594567277644430447e+01
-4.579055690846965376e+01
-4.622397936112898975e+01
-4.599124582825415075e+01
-4.503783941917769340e+01
-4.473176530049807553e+01
-4.302568005738670820e+01
-4.280537751986931738e+01
-4.268544323867892132e+01
-4.238271691631233296e+01
-4.145098685133719840e+01
-4.106205200178561654e+01
-4.080026164687730983e+01
-4.008112430909127966e+01
-3.947077038473162958e+01
-3.916074710120795288e+01
-3.933538878139822259e+01
-4.031302474895851873e+01
-4.058303316865158905e+01
-4.071255775690374890e+01
-4.125776858686844406e+01
-4.264635262031959684e+01
-4.478640646924883129e+01
-4.632740503862949311e+01
-4.780056568653820648e+01
-4.792596986272349113e+01
-4.981944356265611162e+01
-5.050075044855783091e+01
-5.207482623244791853e+01
-5.251196111135699596e+01
-5.347565167242608197e+01
-5.458888907894436926e+01
-4.427274239165738834e+01
-1.156354203229650857e+01
4.163056830887888360e+00
-4.657457089687469676e+01
-8.521782995411113859e+01
-8.558431775299824551e+01
-8.601501567428168471e+01
-8.633900846251675887e+01
-8.666325475252246235e+01
-8.666325475252246235e+01
-8.570847604024739042e+01
-8.543724464835258914e+01
-8.636401616815379612e+01
-8.636401616815379612e+01
-8.636401616815379612e+01
-8.636401616815379612e+01
-8.636401616815379612e+01
-8.668612350736857763e+01
-8.634540012096930184e+01
-8.639954914694406796e+01
-8.606123564882270216e+01
-8.597581269351569233e+01
-8.594965066902059903e+01
-8.641565513379565289e+01
-8.576341905440520463e+01
-8.576341905440520463e+01
-8.642916630164525316e+01
-8.601942169290354911e+01
-8.605777644040036023e+01
-8.605777644040036023e+01
-8.573566111054074668e+01
-4.629908701442065677e+01
-6.801956086262104861e+01
-3.593999852695672104e+01
-3.568478119793398662e+01
-5.425301634699765430e+01
-5.378495162566908760e+01
-5.284569935253990280e+01
-5.318468726928340828e+01
-5.318468726928340828e+01
-5.209059875999707856e+01
-5.184535444489583966e+01
-5.122039727533263687e+01
-5.056245505865071976e+01
-5.105657137834931802e+01
-5.105334756620788283e+01
-5.105334756620788283e+01
-5.096423883283364376e+01
-5.149723722490521283e+01
-5.214924789533381499e+01
-5.214924789533381499e+01
-5.098523266452122726e+01
-5.107836863458728516e+01
-5.150237080832537373e+01
-5.212378158576446907e+01
-5.212378158576446907e+01
-5.283117438613471251e+01
-5.398414673953700316e+01
-5.409816334510456670e+01
-5.409816334510456670e+01
-5.341485913341775671e+01
-5.341485913341775671e+01
-5.396979234068380293e+01
-5.347228062364516887e+01
-5.315535915704445102e+01
-5.259578187025226725e+01
-5.253364702531568753e+01
-4.709772386901257590e+01
-9.426455084513446536e+01
-8.677823629949924111e+01
-8.697487265854985594e+01
-8.718631541713136812e+01
-8.718631541713136812e+01
-8.737284866222920243e+01
-8.762019479084351303e+01
-8.883327588729753188e+01
-8.934245375428771752e+01
-9.051344119100360786e+01
-9.197952375144203074e+01
-9.232116247426449718e+01
-9.327655846250463867e+01
-9.412220377399550841e+01
-9.351553246577118728e+01
-9.351553246577118728e+01
-9.441795116904349072e+01
-9.412594260589213491e+01
-9.388748876006167166e+01
-9.295447160527538699e+01
-9.294782076347772204e+01
-9.184071534259145153e+01
-9.130196453601561757e+01
-5.508230096064348658e+01
-5.514104438014233267e+01
-5.505131968879624083e+01
-5.505131968879624083e+01
-5.581517240248430056e+01
-5.551098418739857010e+01
-5.530562835177482128e+01
-9.553025722187895497e+01
-8.698422335842714403e+01
-8.686351428124059737e+01
-8.661527816756651532e+01
-8.678259585721652059e+01
-8.656663442776886086e+01
-8.599512611587830690e+01
-8.599512611587830690e+01
-8.653751934489501707e+01
-5.305819394997047311e+01
-5.226995025810464313e+01
-5.217519066902856650e+01
-5.043150973517751368e+01
-5.078467939247408225e+01
-5.119091240984960223e+01
1.443933847712708882e+02
-9.313594364029512462e+01
-9.544388946434219179e+01
-9.820331663661386301e+01
-1.013414451657344699e+02
-1.046641725859997507e+02
-1.095445905049938631e+02
-1.126529588250540144e+02
-1.141421489184308768e+02
-1.158269174643906894e+02
-1.145103696960279365e+02
-1.145490534755024754e+02
-1.121585606541004552e+02
-1.103902619212367995e+02
-1.088338106338243279e+02
-1.082477275692827590e+02
-1.088946581582128488e+02
-1.076246755319539972e+02
-1.066623908803128415e+02
-1.061746615988363374e+02
-1.055186698230240552e+02
-1.053572397479657070e+02
-1.062969281867437985e+02
-1.068196248246954667e+02
-1.062900098159292241e+02
-1.071957408560868714e+02
-1.079849055720265056e+02
-1.073201198388608475e+02
-1.065130142878165316e+02
-1.050137323085113223e+02
-1.043659570873088427e+02
-1.037040760994182449e+02
-1.043270289625054090e+02
-1.053908633001607171e+02
-1.058231442018492032e+02
-1.077938457455236119e+02
-1.069216198908414839e+02
-1.069751351967272655e+02
-1.065636984156538745e+02
-1.061605212810077461e+02
-1.054234060402628899e+02
-1.054595103105520764e+02
-1.053132616373865886e+02
-1.056631302274160618e+02
-1.058761146460311124e+02
-1.051995203939019774e+02
-1.049069065514353696e+02
-1.046022246288887345e+02
-1.037340508282348850e+02
-1.045127156268474806e+02
-1.052670176346935591e+02
-1.047901460302568069e+02
-1.034440702765813285e+02
-1.033690092848314208e+02
-1.023488525187571412e+02
-1.019963355404689196e+02
-1.023481011593299570e+02
-1.023481011593299570e+02
-1.030360690705690985e+02
-1.030360690705690985e+02
-1.024355268402441794e+02
-1.030358346548421480e+02
-1.030357512183968822e+02
-1.024713594359969306e+02
-1.034732434079399894e+02
-1.031448619464942453e+02
-1.025065091512412181e+02
-1.036212470515954465e+02
-1.036212470515954465e+02
-1.025065091512412181e+02
-1.028327897162098168e+02
-1.033650921070386772e+02
-1.033650921070386772e+02
-1.038115518942178852e+02
-1.038115518942178852e+02
-1.038115518942178852e+02
-1.047505803070200443e+02
-1.032054492881551084e+02
-1.035390681047262973e+02
-1.035390681047262973e+02
-1.035390681047262973e+02
-1.034676903042857106e+02
-1.034676903042857106e+02
-3.765563463392146559e+01
-1.032238686282937579e+02
-1.042611774093087291e+02
-1.045799501489364474e+02
-1.050104331330371252e+02
-1.050859131701797224e+02
-1.054423526371850528e+02
-1.058019150033907181e+02
-1.057401355766761668e+02
-1.056627813672948122e+02
-1.046288630014268080e+02
-1.050996468681053244e+02
-1.047392690540582691e+02
-3.759894936771182472e+01
-1.050234310682571817e+02
-1.050234310682571817e+02
-1.052435098445685782e+02
-1.050234310682571817e+02
-1.043397805354967858e+02
-1.052435098445685782e+02
-1.052435098445685782e+02
-1.052435098445685782e+02
-3.784729473646374487e+01
-3.784729473646374487e+01
-1.052435098445685782e+02
-1.052435098445685782e+02
-1.050234310682571817e+02
-1.050234310682571817e+02
-1.050996468681053244e+02
-1.044612466721604562e+02
-1.046291743999420305e+02
-1.051756526608126876e+02
-1.051432635213307947e+02
-1.051432635213307947e+02
-1.048508672767007965e+02
-1.048508672767007965e+02
-1.048508672767007965e+02
-1.048508672767007965e+02
-1.041606634901489343e+02
-1.047056074048818033e+02
-1.043475402655369635e+02
-1.042723550733143725e+02
-1.040913158637016096e+02
-1.037766965476681520e+02
-1.022690046700557076e+02
-1.027458095619568184e+02
-1.023368537728254211e+02
-1.019315079991936557e+02
-1.020015681404284180e+02
-1.006894481534219210e+02
-1.006894481534219210e+02
-1.005331680013116085e+02
-1.018291865650529218e+02
-1.021506086868570975e+02
-1.026949086383929028e+02
-1.030577202487285433e+02
-1.029690726302493573e+02
-1.044376870377792415e+02
-1.043719207965000066e+02
-1.043078741544420467e+02
-1.057762937279402848e+02
-1.054061363065260934e+02
-1.043849569447198036e+02
-1.041398633373207900e+02
-1.038637075913383967e+02
-1.035869673852000830e+02
-1.035869673852000830e+02
-1.030952590069126131e+02
-1.030632677677121620e+02
-1.026547862536098137e+02
-1.036150324252792672e+02
-1.034244973329098940e+02
-1.032070383987554578e+02
-1.026813162500398846e+02
-1.024152786538771380e+02
-1.019419576565100698e+02
-1.035087950516552979e+02
-1.035087950516552979e+02
-1.026035132839049737e+02
-1.018179474248501322e+02
-1.018889097362949627e+02
-1.018490273889170652e+02
-1.033354338897865006e+02
-1.022905981017552364e+02
-1.025833979548428090e+02
-1.035232354224372244e+02
-1.020651465132140601e+02
-1.020155969748260674e+02
-1.020155969748260674e+02
-1.025392691904000628e+02
-1.033012201441811726e+02
-1.026547862536098137e+02
-1.041319944883452280e+02
-1.030923372985552646e+02
-1.035050067761333850e+02
-1.031454060347902981e+02
-1.026735995477472159e+02
-1.045495777688836796e+02
-1.044178331758975560e+02
-1.044178331758975560e+02
-1.042677692625915853e+02
-1.054193780173201560e+02
-1.047380563893677845e+02
-1.051845689562157276e+02
-1.050939792216948803e+02
-1.052555511457271109e+02
-1.051798451458615489e+02
-1.056819981807104085e+02
-1.053510569033530260e+02
-1.048045548240999949e+02
-1.048045548240999949e+02
-1.052856521365036713e+02
-1.048192324735581451e+02
-1.045939131906648925e+02
-1.053982115862010858e+02
-1.049411529005440542e+02
-1.047333388730372974e+02
-1.039940374578451383e+02
-1.039314600900778345e+02
-1.038696010101225795e+02
-1.030982288571430843e+02
-1.030982288571430843e+02
-1.030376688130967864e+02
-1.030194537014619840e+02
-1.032842513799558901e+02
-1.021627163713964421e+02
-1.024703619243058625e+02
-1.024383126885783781e+02
-1.024064111826565124e+02
-1.030596579084967601e+02
-1.020699996933418134e+02
-1.028340062981910563e+02
-1.028340062981910563e+02
-1.033598264366194144e+02
-1.024383126885783781e+02
-1.034659037595411206e+02
-1.035414871746680916e+02
-1.029696610579507876e+02
-1.034279402245202277e+02
-1.033881813877644760e+02
-1.026173080536482445e+02
-1.034921515839955504e+02
-1.025673945099094624e+02
-1.025673945099094624e+02
-1.033195433368980360e+02
-1.026000326457404412e+02
-1.037720112855152763e+02
-1.032764358807421274e+02
-1.033828578215243681e+02
-1.033828578215243681e+02
-1.026636689884973350e+02
-1.027371815552163667e+02
-1.020590736218265420e+02
-1.017738220188934690e+02
-1.017738220188934690e+02
-1.020606248959791884e+02
-1.013932453146833126e+02
-1.014442720919461891e+02
-1.025029779685357880e+02
-1.013542957818207668e+02
-1.011850853351352981e+02
-1.013225386238609218e+02
-1.005368649175110107e+02
-1.012922228389611945e+02
-1.011444109062155121e+02
-1.002261904791845524e+02
-1.011165860614695475e+02
-1.005134184602463705e+02
-1.004473797867193241e+02
-1.005775064888439374e+02
-1.005775064888439374e+02
-1.004873131389409764e+02
-1.006074195267128601e+02
-1.006074195267128601e+02
-1.006074195267128601e+02
-1.006074195267128601e+02
-9.994849414202704452e+01
-9.994849414202704452e+01
-1.005065127056451644e+02
-1.006373301051751952e+02
-1.006373301051751952e+02
-1.012883817449037309e+02
-1.013788140065540659e+02
-1.013788140065540659e+02
-1.013788140065540659e+02
-1.007327440078155121e+02
-1.007327440078155121e+02
-1.007327440078155121e+02
-1.007327440078155121e+02
-1.003498241184044275e+02
-1.007329498055570554e+02
-1.007329498055570554e+02
-1.005357839702920870e+02
-1.005357839702920870e+02
-1.005357839702920870e+02
-1.005357839702920870e+02
-1.005357839702920870e+02
-1.005357839702920870e+02
-1.005357839702920870e+02
-1.004153525575278536e+02
-1.004153525575278536e+02
-1.004153525575278536e+02
-1.005354146201799779e+02
-1.002853292598552031e+02
-1.012697668403900622e+02
-1.005354146201799779e+02
-1.005354146201799779e+02
-1.006676303007624682e+02
-1.003480712017363174e+02
-1.006676303007624682e+02
-1.004146999099295812e+02
-1.014083113998096337e+02
-1.017359198373467564e+02
-1.011763465970076084e+02
-1.012062571887128115e+02
-1.011145239878963196e+02
-1.012665344010451207e+02
-1.008462743124010927e+02
-1.011153034116259590e+02
-1.011427767157023823e+02
-1.014478502258400709e+02
-1.011494393716393745e+02
-1.000801738020512062e+02
-9.887610202271443427e+01
-9.917049841057118442e+01
-9.795911622998369239e+01
-9.857651674342211834e+01
-9.900988423036592678e+01
-9.880542205080868712e+01
-9.875998551050071228e+01
-9.836356096848470543e+01
-9.992310338737462416e+01
-1.003758962440050908e+02
-1.014322869041445472e+02
-1.051092959119508947e+02
-1.101870649403174269e+02
