4.215191359124864090e-01
4.168686516525818564e-01
4.212443464508544566e-01
4.198780752481123257e-01
4.181009670233520326e-01
4.161465788284399170e-01
4.170091489455598488e-01
6.923900241929309418e-01
6.923900241929309418e-01
4.171892014823169181e-01
4.183635306914427754e-01
4.146584246994102774e-01
4.133748344085774740e-01
4.133748344085774740e-01
4.158736324232576442e-01
4.158736324232576442e-01
4.158736324232576442e-01
4.838373308108981918e-01
4.838373308108981918e-01
4.107174994129240697e-01
4.123480412935124351e-01
4.123480412935124351e-01
4.153672360495604954e-01
4.155887341023313808e-01
2.062556090520110352e+00
4.118390413348629320e-01
4.149680062773294931e-01
4.179303967725030988e-01
4.167214482233048689e-01
4.175452802654432971e-01
4.175452802654432971e-01
4.191223532036024713e-01
4.164718405413097568e-01
4.135655073005789495e-01
1.001833720867188582e+00
-9.134893737585091378e-01
1.192003342991895476e+00
4.076610870017083332e-01
4.033301049218514511e-01
3.964066656594210647e-01
3.942781447098141490e-01
3.934045546712517938e-01
3.906712179968970799e-01
3.895660789831718041e-01
3.934471473700748567e-01
3.945028606725959897e-01
3.980565527476674914e-01
3.975608492984671338e-01
3.989453880330084967e-01
3.986434875568141134e-01
4.000164547396594106e-01
4.025663383712080323e-01
4.042567707960124102e-01
4.049410516928002024e-01
4.003592933713260305e-01
3.958813146769888935e-01
3.990880308684962019e-01
4.027776456026134211e-01
4.040416607406828731e-01
4.096937261761518512e-01
5.277371435152888868e-01
4.139055422697603959e-01
2.098675348106679550e+00
9.530810944107018789e-01
4.170777932178494907e-01
4.190274283652519194e-01
4.181472942755813937e-01
4.277615295001962470e-01
4.222777375846085146e-01
4.192636141331563815e-01
4.277615295001962470e-01
4.277615295001962470e-01
4.181472942755813937e-01
4.202827951097231063e-01
4.201290146783965285e-01
4.128535925997410816e-01
1.001833720867188582e+00
1.082712740729788070e+00
-8.458291252279925843e-01
1.661199910245915623e+00
1.082712740729788070e+00
4.131671085353871287e-01
1.001833720867188582e+00
1.001833720867188582e+00
1.001833720867188582e+00
1.687291502242862506e+00
1.687291502242862506e+00
1.687291502242862506e+00
1.687291502242862506e+00
1.687291502242862506e+00
1.001833720867188582e+00
4.149771848000081698e-01
4.149771848000081698e-01
4.149771848000081698e-01
4.202556764059718897e-01
4.160488133348618778e-01
4.160488133348618778e-01
4.160082827097013047e-01
4.160082827097013047e-01
4.160082827097013047e-01
4.160082827097013047e-01
-2.166282378758972449e+00
4.160488133348618778e-01
4.160488133348618778e-01
4.202556764059718897e-01
4.202556764059718897e-01
4.202556764059718897e-01
4.198287516280513332e-01
4.216706155639048936e-01
4.216583223986923312e-01
4.249739444223795126e-01
4.249739444223795126e-01
4.258744189921266354e-01
4.258744189921266354e-01
4.258744189921266354e-01
4.258442645295005824e-01
4.258442645295005824e-01
4.251934004786812049e-01
1.512796244570253190e+00
4.262762189000428581e-01
4.262762189000428581e-01
4.280703007414079497e-01
4.272303507569038539e-01
4.240811989188891795e-01
4.273589939341898014e-01
4.273589939341898014e-01
4.284417267967655096e-01
4.773652839544417770e-01
4.347399786466900617e-01
4.347399786466900617e-01
4.315708308743985699e-01
4.773652839544417770e-01
4.773652839544417770e-01
4.292768892729585950e-01
4.304409444041005783e-01
4.304409444041005783e-01
4.304409444041005783e-01
4.304409444041005783e-01
4.304409444041005783e-01
6.803229531462271495e-01
6.803229531462271495e-01
4.282500227756045885e-01
4.282500227756045885e-01
4.282500227756045885e-01
4.282500227756045885e-01
4.282500227756045885e-01
4.282500227756045885e-01
4.282500227756045885e-01
4.282500227756045885e-01
4.282500227756045885e-01
4.282500227756045885e-01
4.282500227756045885e-01
4.249739444223795126e-01
4.249739444223795126e-01
4.249739444223795126e-01
4.249739444223795126e-01
4.216583223986923312e-01
4.216583223986923312e-01
4.216583223986923312e-01
4.216583223986923312e-01
-2.698114891921864356e+01
4.238818769292346800e-01
4.523417231148084916e+00
4.679034336370313518e-01
4.172962074001873578e-01
4.150994669067911147e-01
4.048166474414351956e-01
3.989122171938853656e-01
3.955402783927846055e-01
3.891130256813737920e-01
3.835324627486316196e-01
3.773612302447084121e-01
3.771963802089876583e-01
3.738593053028323454e-01
3.698128739591607372e-01
3.660941206083176969e-01
3.598937110579968901e-01
3.572531785335570920e-01
3.543760061145834750e-01
3.550890765984956454e-01
3.469500336171811861e-01
3.447797363472603904e-01
3.414276302063793400e-01
3.367492132411102901e-01
3.372339195158138292e-01
3.325581319724555951e-01
3.303043066348379520e-01
3.282329173361893115e-01
2.698615955179625159e-01
8.932118014719301474e-03
8.104515996128880379e-07
1.172287665937697156e-02
4.309257587777813592e-02
1.950371547999960042e-01
6.249989814342080119e-02
6.232395937497645089e-02
3.235077758778429763e-02
8.900837345082528163e-02
2.829950837200682634e-01
3.221812272900972385e-01
3.188683652803705471e-01
3.139194324302265748e-01
3.138404229769004017e-01
3.073815692569131230e-01
3.059555698458301110e-01
3.000329238741897830e-01
2.967408750592216427e-01
2.932044101748597642e-01
2.861500836212368948e-01
2.803335512852179190e-01
2.786183237941679547e-01
2.715736860331150471e-01
2.689846282187456361e-01
2.629740447143611992e-01
2.601992998812226454e-01
2.556860857262323039e-01
2.506491237319203313e-01
2.477395342062477801e-01
2.456553738936844422e-01
2.432857608288922224e-01
2.399529324305924305e-01
2.380016374406813406e-01
2.348772047677379071e-01
2.311450911114227846e-01
2.279056801472024718e-01
2.266540456943876847e-01
2.196003123259795686e-01
2.168771077487747778e-01
2.134243081214463877e-01
2.115386662270508089e-01
2.077549435782456988e-01
2.046084461792515852e-01
2.028234298106269262e-01
1.991301484148623180e-01
1.980843378470109328e-01
1.968751734151488741e-01
1.930823327926597388e-01
1.932480219349197725e-01
1.936225154614070743e-01
1.930596007882363074e-01
1.927455238975153695e-01
1.924045919034997609e-01
1.927562331417402575e-01
1.926901899562065146e-01
1.909411400653234225e-01
1.928188720143461099e-01
1.908931118038474373e-01
1.910089103443325664e-01
1.937479900791715948e-01
1.939637568371472831e-01
1.963771454163182606e-01
1.987418762829988306e-01
2.021894809849353047e-01
2.039768704428706614e-01
2.088330611359335565e-01
2.130441102112866081e-01
2.130698779876440407e-01
2.146110062517299355e-01
2.179015437129819266e-01
2.176310847284620986e-01
2.156412924726772984e-01
2.176886029255124810e-01
2.177153345615554236e-01
2.142651704287202030e-01
2.163520229008613627e-01
2.132972004507768804e-01
2.148761038701696990e-01
2.135327417085717272e-01
2.126825187769610659e-01
2.147892520582252163e-01
2.134793364721991882e-01
2.131776384168246885e-01
2.138915536400940454e-01
2.124504549641171025e-01
2.122945119837571781e-01
2.129471849117422488e-01
2.117761472018130364e-01
2.128437936929859220e-01
2.151853580337908800e-01
2.212690143019472588e-01
2.218357460172364071e-01
2.257234420704168909e-01
2.295784591436852429e-01
2.339084012552301584e-01
2.388893881525006868e-01
2.407887687754252659e-01
2.473639295442240926e-01
2.504902574905216173e-01
2.524994473978710574e-01
2.576167512269109672e-01
2.613803239513489141e-01
2.673859690656998356e-01
2.696468502626057639e-01
2.801620996723725443e-01
2.813271062546938706e-01
2.879066402400580760e-01
2.908950997366853142e-01
2.945245335546825549e-01
2.948322370419358962e-01
3.005062831026090731e-01
3.045265231026673125e-01
3.071822752982987792e-01
3.092766307537049841e-01
3.120588042567674636e-01
3.131222278156333694e-01
3.165159053475046225e-01
3.202358195718794098e-01
3.229839748298887758e-01
3.283399520479318712e-01
3.295106723260967652e-01
3.331389068539655218e-01
3.304938736730493876e-01
3.367253384277831829e-01
3.365783632987121021e-01
3.386966409319588922e-01
3.398933838528579998e-01
3.404297005242824525e-01
3.392280158420268310e-01
3.431292045195302731e-01
3.421833843154921118e-01
3.460334011568897972e-01
3.472331867520023763e-01
3.472331867520023763e-01
3.495169842944246263e-01
3.550666663226846875e-01
3.524509435279292724e-01
3.563405774802802517e-01
3.574788269355467785e-01
3.614621818829373279e-01
3.658585410518908065e-01
3.649583115512842757e-01
3.641220079067368220e-01
3.697886043801007494e-01
3.697886043801007494e-01
3.657466025933275300e-01
3.724543912039310900e-01
3.762746657745290602e-01
3.819749724923371947e-01
3.863920211690531903e-01
3.864364704127031813e-01
3.938438754752567883e-01
3.923934852463602518e-01
3.964162394932321809e-01
4.040587377810829217e-01
4.040587377810829217e-01
4.019799562957382943e-01
4.121549261849251633e-01
4.083081043541610389e-01
4.124985775314835568e-01
4.143492309166919019e-01
4.192004511027042635e-01
1.714264405050475865e-02
4.372275831326299378e-01
4.378899684146509985e-01
4.432905734112510543e-01
4.439315160789598091e-01
4.510352003287326772e-01
4.533973114227828893e-01
4.646062843991076163e-01
4.827404018235981198e-01
4.761454420706986990e-01
4.428498886069878737e-01
4.125664983411942988e-01
3.969144036113985141e-01
3.774039217216987319e-01
3.650458882196189747e-01
3.651898689400317477e-01
3.703836559602788903e-01
3.755657547800412277e-01
3.847065213876815215e-01
4.086783521499723904e-01
4.210027468727114419e-01
4.328309556127797331e-01
4.464451129520990436e-01
4.642001532409963938e-01
4.700165247152193748e-01
4.781742151911483329e-01
4.856445756330264873e-01
4.814042532851558476e-01
4.814042532851558476e-01
4.748993518214985055e-01
4.688071418784223177e-01
4.709883443091619215e-01
4.723909896213989157e-01
4.697077549468592350e-01
4.711091981197812473e-01
4.686232844689300903e-01
4.728506797024386032e-01
4.755104804901849613e-01
4.781702792225605569e-01
4.779663161650055114e-01
4.832948070425356346e-01
4.858590050278557837e-01
4.876565245936846926e-01
4.947072794474782764e-01
4.953729835206002741e-01
4.960835093919557237e-01
5.010847828310281971e-01
5.031212247795147086e-01
1.320275955592513650e+00
5.173835045401135035e-01
5.211964623751760284e-01
5.186191593288138613e-01
5.227455620447513107e-01
5.254467033151150046e-01
5.306737861878507712e-01
5.308809608419355897e-01
5.204529234281132233e-01
5.283253564507144340e-01
5.274081277142437241e-01
5.298900738454579429e-01
5.290067925528675330e-01
5.322421380546680236e-01
5.335888571511758771e-01
5.396880930255015807e-01
5.350961519611445727e-01
5.367313852653166073e-01
5.383662617171550702e-01
5.342913145517009799e-01
5.327323659740207384e-01
5.345667306764507742e-01
5.312902019769718542e-01
5.335440589403377398e-01
5.271823697588858826e-01
5.218811260195402868e-01
5.226388310476709487e-01
5.201191611119452274e-01
5.208284607352873241e-01
5.208358478599999231e-01
5.160651497291413037e-01
5.225080495939983249e-01
5.107229275381829359e-01
5.183628665484436571e-01
5.075299877191150610e-01
5.050707785524813920e-01
5.002045148177570733e-01
4.975135701188253545e-01
4.919923815693729163e-01
4.867408820449717899e-01
4.810193675341972730e-01
4.797520227054603570e-01
4.714655948142091879e-01
4.703456748707188217e-01
4.646018841154823664e-01
4.657333307104977727e-01
4.660987733503729191e-01
4.603617107514197393e-01
4.566670011020440012e-01
4.532820597463855239e-01
4.534048940927706828e-01
4.498525280473741894e-01
4.459330232006769590e-01
4.432207357735618025e-01
4.366230352586269459e-01
4.300265724500646480e-01
4.254471763337976942e-01
4.191474174828402344e-01
4.151231432368971408e-01
4.100124982620417802e-01
4.027801287936745855e-01
3.985891878689973855e-01
3.951738956603731423e-01
3.880431286198815499e-01
3.812606669217110111e-01
3.752086007466633455e-01
3.699546071143614556e-01
3.630933791940237909e-01
3.587020332602748884e-01
3.514589976396166882e-01
3.474674026466271215e-01
3.423480585780019902e-01
3.333025365568529907e-01
3.248697581504579879e-01
3.195731125167023401e-01
3.144237912607981689e-01
3.087173017708302325e-01
2.986228390153745083e-01
2.966922577732453714e-01
2.925109789421588280e-01
2.925109789421588280e-01
5.906584639540832238e-02
8.080081967516050678e-02
2.795888980326251549e-01
2.778409945099409861e-01
2.786822038983801098e-01
2.800802972236484112e-01
2.800931390775535101e-01
2.823299307977570893e-01
2.849126212450626139e-01
2.903732750205661461e-01
2.903732750205661461e-01
2.935971651075601763e-01
2.997684798378497661e-01
3.027283682153883437e-01
3.032341866272850739e-01
3.049341622504952443e-01
3.083676978716493600e-01
3.126577234787710768e-01
3.157516632769583609e-01
3.058360407543438408e-01
3.058360407543438408e-01
3.248394538344405724e-01
2.889446411529840164e-01
2.663279172718320889e-02
-6.783051236062305077e-05
-1.126568122094698500e-05
3.898339957971508124e-04
1.794535004476687651e-02
5.887741976659749410e-02
7.578327105284882181e-02
2.453893498708171750e-01
2.453893498708171750e-01
3.812093408747134760e-01
3.830110321247552907e-01
3.820230576819333979e-01
3.812408111187763904e-01
3.783160903662983188e-01
3.789392777982968363e-01
3.704163160636920193e-01
3.681180767532026832e-01
3.605820962903769633e-01
3.565027163741216754e-01
3.565027163741216754e-01
3.591640542687788429e-01
3.530128774719068496e-01
3.503945821408256389e-01
3.451408380525210484e-01
3.444736254716380675e-01
3.402493931435867092e-01
3.383827293154876292e-01
3.390614194914998158e-01
3.364214871591637568e-01
3.358947484914302506e-01
3.358947484914302506e-01
3.345153542790918477e-01
3.325727158345055945e-01
3.324236353917566777e-01
3.321252703703613252e-01
3.274958052983771295e-01
3.274958052983771295e-01
4.669018819902540640e-01
3.225525777278944739e-01
3.201413437542723339e-01
3.202427153147147654e-01
3.202427153147147654e-01
3.190008106298376500e-01
3.192644530949607651e-01
3.168699681876669949e-01
3.170581145218880903e-01
3.174597760323811801e-01
3.150935685103005146e-01
3.177817708788431283e-01
3.177817708788431283e-01
3.184727843760281618e-01
3.161022269314506250e-01
3.161022269314506250e-01
3.159405408721400188e-01
3.161022269314506250e-01
3.159405408721400188e-01
3.159405408721400188e-01
3.128138488907782344e-01
3.128138488907782344e-01
3.130607189073838503e-01
3.102157418141040512e-01
3.109440413652128088e-01
3.109440413652128088e-01
3.109440413652128088e-01
3.102157418141040512e-01
3.125643889783976670e-01
3.098905754233768906e-01
3.098905754233768906e-01
3.099766515750283502e-01
3.101148632925198600e-01
3.089002701281698959e-01
3.112057306292808634e-01
3.113874268889850194e-01
3.105337618518183018e-01
3.123142256067252820e-01
3.110814563990775827e-01
3.098031456337887457e-01
3.120815567936782164e-01
3.123094125998199244e-01
3.113360069737858282e-01
3.136857771416348140e-01
3.140653226546120114e-01
3.140653226546120114e-01
5.054917037548279923e-01
5.054917037548279923e-01
5.048466433354925620e-02
3.175292677374692007e-01
3.208276349825893159e-01
3.205096863137144036e-01
3.200734354580631602e-01
3.225046738630516496e-01
3.252038322932129799e-01
3.252038322932129799e-01
3.277052405661375900e-01
1.059890137790330325e-03
1.059890137790330325e-03
3.268235196094199102e-01
3.269748599042774928e-01
3.269748599042774928e-01
3.266279356747947560e-01
3.274405274042571645e-01
3.247598934571689355e-01
3.213720285243639729e-01
3.213720285243639729e-01
3.189546848060084705e-01
3.194594838272851733e-01
3.199013608537998876e-01
3.199013608537998876e-01
3.190315548361268294e-01
3.209259546266990948e-01
3.185079665138426663e-01
3.185079665138426663e-01
3.189813862557042135e-01
3.156904830906356318e-01
3.189190355636659646e-01
3.170653416635931809e-01
3.170653416635931809e-01
3.170653416635931809e-01
3.146682380861532957e-01
3.152292458598363045e-01
3.136425130026401775e-01
3.074575956277539879e-01
3.056261152703386164e-01
3.033706678136285917e-01
3.039188585355356853e-01
3.022485333162283627e-01
3.049156920871757270e-01
3.026433681442308177e-01
3.056918292712926810e-01
3.059126654577254967e-01
3.058646867023113169e-01
3.085316485384119733e-01
3.085316485384119733e-01
3.118417320921961777e-01
3.108878170236362704e-01
3.142589346443641074e-01
3.145347693146704482e-01
3.180224603637331060e-01
3.186666807397295909e-01
3.219477126127389677e-01
3.258862337571993284e-01
3.323782776106075088e-01
3.325603689483329073e-01
3.327269393934876862e-01
3.360837374211562700e-01
3.366656538797835330e-01
3.405659706650941976e-01
3.436013776986114876e-01
3.441758188696771303e-01
3.471162472845782943e-01
3.503984379101142688e-01
3.512525856754565301e-01
3.546528194070041051e-01
3.546225029739959456e-01
3.616734831239317716e-01
3.610105503509011271e-01
3.608782190645702936e-01
3.646656861655596660e-01
3.687100772448242969e-01
3.714237078136703452e-01
3.740634023879642056e-01
3.747369370490343243e-01
3.733932056680946965e-01
3.772321150161926928e-01
3.760445293648548293e-01
3.767435419124607887e-01
3.760067964257088891e-01
3.786090180334161781e-01
3.784939056802112956e-01
3.855995905640527965e-01
3.877801833915584528e-01
3.916758655238916087e-01
3.934070705946153823e-01
3.945319384302572452e-01
3.907241592764034710e-01
3.851865683040083255e-01
3.828722261607310773e-01
3.787431444875828945e-01
3.800141944681176831e-01
3.721433701373509928e-01
3.655417395391635793e-01
3.538006991216101627e-01
3.470024148284046039e-01
3.394217889875388861e-01
3.375287741716149204e-01
3.304367073938578869e-01
3.218937203548244974e-01
3.193130216098538643e-01
2.576642016941455560e-01
3.018670096590690514e-03
-6.638069469218726904e-06
9.464059541353278537e-03
2.697591054417883827e-01
2.983307287634742178e-01
2.958127425557904311e-01
2.988807117965601723e-01
2.988893395803884911e-01
2.988893395803884911e-01
2.938991056876573138e-01
2.963724091179865683e-01
2.972406321329000289e-01
2.972406321329000289e-01
2.972406321329000289e-01
2.972406321329000289e-01
2.972406321329000289e-01
2.972076369694968689e-01
2.969203062742170052e-01
2.972045245728882623e-01
2.968754281072453205e-01
2.960092417944156229e-01
2.962359425747281283e-01
2.967135015901905537e-01
2.961976421800626147e-01
2.961976421800626147e-01
2.985082172553261137e-01
2.965413321835339566e-01
2.981006830939604280e-01
2.981006830939604280e-01
2.629172022760601912e-01
9.757464073944684124e-03
-6.105235785954089660e-04
8.876806252824224336e-03
1.061863922319721543e-01
3.050510509174994556e-01
3.062433443975304814e-01
3.070716314958363835e-01
3.136013249593999630e-01
3.136013249593999630e-01
3.112374407493039841e-01
3.148929524752954179e-01
3.156029689181833464e-01
3.157368868273486284e-01
3.160628579927127202e-01
3.161444133600763151e-01
3.161444133600763151e-01
3.166882870236495395e-01
3.167367257383850720e-01
3.164248558303363046e-01
3.164248558303363046e-01
3.139457451444506719e-01
3.141758986770421536e-01
3.139873334711875130e-01
3.138311469485352001e-01
3.138311469485352001e-01
3.174645922943400422e-01
3.234522798511286767e-01
3.271090742622062564e-01
3.271090742622062564e-01
3.245271269711462736e-01
3.245271269711462736e-01
3.268044319541353881e-01
3.234785825851987373e-01
3.193544592828468920e-01
3.147752111946519604e-01
3.054142396506807633e-01
2.644390811088225823e-01
2.816479341215880061e-02
2.728933057349719471e-01
2.603841076305252189e-01
2.503899070937136151e-01
2.503899070937136151e-01
2.412917317456693689e-01
2.326243515836201592e-01
2.261134655907723612e-01
2.162698481172886100e-01
2.107225139878582121e-01
2.028349290171964636e-01
1.983189913293470497e-01
1.973541108236809005e-01
1.974185668387667958e-01
2.021748968855745787e-01
2.021748968855745787e-01
2.074095071540585089e-01
2.135306943168383265e-01
2.239856213511671468e-01
2.315843059726351016e-01
2.436144864561174961e-01
2.555492017984931641e-01
2.866791901990576874e-01
3.049615177673858368e-01
3.235449572601298840e-01
3.468612005386772501e-01
3.468612005386772501e-01
3.693629174609934229e-01
3.898865504033132146e-01
4.109085884859333682e-01
1.163638630594223677e+00
4.474112767675909597e-01
4.537746312154536388e-01
4.624579914361555688e-01
4.547755337082954319e-01
4.426812596489852480e-01
4.270742334929942818e-01
4.270742334929942818e-01
4.106984701259887016e-01
3.868708152326836291e-01
3.616019706721079752e-01
3.379952569722977640e-01
3.133045429260177817e-01
2.915344630135738302e-01
2.778284774758896236e-01
2.975364706679617739e-07
4.349299180202297332e-01
4.197966901643321314e-01
4.086691570921452965e-01
3.928712226332418123e-01
3.735008167622155262e-01
3.476097667893053300e-01
3.302392245489834122e-01
3.110119209123226591e-01
3.012993945352248071e-01
2.930641629924000124e-01
2.915328589366399381e-01
2.945892169227350976e-01
3.033151091768940266e-01
3.067452681192392450e-01
3.161744141440598344e-01
3.254191725149000458e-01
3.355935432590636536e-01
3.483627897363620884e-01
3.569592199606665961e-01
3.583906249524625998e-01
3.556113878534630790e-01
3.533097285295027090e-01
3.471054249089609023e-01
3.448649993312129514e-01
3.453838306496764265e-01
3.532246825971193660e-01
3.543105715022552560e-01
3.666297206341793680e-01
3.713609200404130450e-01
3.657979059545078959e-01
3.651786267792438978e-01
3.607605140626384266e-01
3.633710457447981157e-01
3.647212107846804496e-01
3.628145600104261126e-01
3.688527476087516965e-01
3.691304456638229703e-01
3.665608909127925918e-01
3.640481144667108704e-01
3.621649466328396016e-01
3.615186206452256634e-01
3.609641789781952714e-01
3.645993761266030919e-01
3.699131033991602813e-01
3.733686830652316879e-01
3.702841187201935114e-01
3.653808387498337917e-01
3.653611789603293247e-01
3.560692941965101221e-01
3.567835189255274542e-01
3.594649451844678101e-01
3.649496186715733836e-01
3.673142752983764581e-01
3.614466893832630756e-01
3.569019621921052932e-01
3.592983733643054789e-01
3.592983733643054789e-01
3.614115120727513508e-01
3.614115120727513508e-01
3.632504891112492418e-01
3.613863920243216010e-01
3.613610200738274769e-01
3.620350701100795154e-01
3.636177445523190999e-01
3.599756027289784943e-01
3.608523515656321679e-01
3.579262895460217364e-01
3.579262895460217364e-01
3.608523515656321679e-01
3.645226193192653841e-01
3.624749953890370469e-01
3.624749953890370469e-01
3.610354039785644287e-01
3.610354039785644287e-01
3.610354039785644287e-01
3.633038683440578120e-01
3.629589698021103983e-01
3.666625976477098647e-01
3.666625976477098647e-01
3.666625976477098647e-01
3.665182942586471260e-01
3.665182942586471260e-01
3.680034788434016213e-01
3.710717864012187395e-01
3.726881616722089730e-01
3.711680972121771949e-01
3.748169886650900562e-01
3.706139733898678457e-01
3.744549128670803251e-01
3.783670884446156957e-01
3.781436228308115433e-01
3.778368982037869084e-01
3.750723077576073039e-01
3.780637462066743226e-01
3.741176293195805913e-01
3.769308650010452233e-01
3.777443705912748029e-01
3.777443705912748029e-01
3.780357988186850982e-01
3.777443705912748029e-01
3.759208848275276127e-01
3.780357988186850982e-01
3.780357988186850982e-01
3.780357988186850982e-01
3.735576464900061677e-01
3.735576464900061677e-01
3.780357988186850982e-01
3.780357988186850982e-01
3.777443705912748029e-01
3.777443705912748029e-01
3.780637462066743226e-01
3.802704426285894446e-01
3.750724804189419781e-01
3.737659415300137455e-01
3.791107979220543767e-01
3.791107979220543767e-01
3.753780356485208469e-01
3.753780356485208469e-01
3.753780356485208469e-01
3.753780356485208469e-01
3.766715784289639268e-01
3.753877046177089838e-01
3.782603477461575769e-01
3.784963323741858954e-01
3.792186195394017800e-01
3.767366277412332876e-01
3.766107365119233941e-01
3.722924910153872502e-01
3.687168397682949461e-01
3.652001186458165294e-01
3.572605469549861024e-01
3.560333266488235893e-01
3.560333266488235893e-01
3.530023043094635549e-01
3.542509533487480655e-01
3.503183686650065964e-01
3.505841294864904811e-01
3.548917268850625972e-01
3.531927777425725723e-01
3.558711150477753549e-01
3.581238059282696451e-01
3.604114296116145422e-01
3.629209211540026514e-01
3.621980208363962395e-01
3.676121988272905705e-01
3.666854118189490919e-01
3.657791653519122388e-01
3.639265104156736985e-01
3.639265104156736985e-01
3.669234208954728627e-01
3.632505861508738554e-01
3.653355790819376447e-01
3.644585291378540925e-01
3.625122980309076759e-01
3.635485329292896806e-01
3.654271633600604807e-01
3.627973648870833068e-01
3.640269493690393432e-01
3.610850490734116569e-01
3.610850490734116569e-01
3.628653274649989435e-01
3.596786417558517912e-01
3.595931958127664974e-01
3.586605915579857418e-01
3.550201536834260430e-01
3.564533605891029300e-01
3.596587726739186586e-01
3.568319563142107742e-01
3.599511691533604507e-01
3.601979141081236846e-01
3.601979141081236846e-01
3.586636628009781114e-01
3.604298244718311395e-01
3.653355790819376447e-01
3.604659346611476800e-01
3.621370989668735163e-01
3.588646194527160271e-01
3.579793382383660294e-01
3.574002702607729787e-01
3.544640614310991533e-01
3.522251852597193533e-01
3.522251852597193533e-01
3.538128497235863423e-01
3.498480599067239072e-01
3.492836599264177999e-01
3.500776199415026047e-01
3.492008163152918732e-01
3.484523855603529063e-01
3.481641041331759445e-01
3.471253339991748899e-01
3.494166062422769947e-01
3.472047278970074036e-01
3.472047278970074036e-01
3.516269186456415508e-01
3.497418349051953923e-01
3.550947942124348944e-01
3.510972976935176626e-01
3.535386701097758544e-01
3.575303720289974563e-01
3.576912677374270988e-01
3.598659886296351473e-01
3.620407567062680632e-01
3.622547537910894011e-01
3.622547537910894011e-01
3.644227828258810864e-01
3.662928057469135301e-01
3.640157617016809843e-01
3.676293300397910913e-01
3.718110240527188748e-01
3.728527259235623337e-01
3.738942484842477376e-01
3.688637975236161992e-01
3.707343941547163180e-01
3.726111993020287949e-01
3.726111993020287949e-01
3.710104309225297770e-01
3.728527259235623337e-01
3.703903560967231612e-01
3.702993742945361322e-01
3.709625708691071666e-01
3.689871700573360558e-01
3.692328424745675575e-01
3.654093986665286065e-01
3.668995773079993805e-01
3.686848347945841931e-01
3.686848347945841931e-01
3.630319014125080734e-01
3.676424051716761787e-01
3.606928485433905096e-01
3.615862682090758007e-01
3.609471016065354809e-01
3.609471016065354809e-01
3.584791814787787745e-01
3.588957987462280674e-01
3.525293401411423444e-01
3.534071606362169660e-01
3.534071606362169660e-01
3.525887828168999261e-01
3.507479040329401498e-01
3.505668195019966404e-01
3.482316023109242598e-01
3.498943416530766459e-01
3.476052153512391163e-01
3.503403036118666325e-01
3.561840456714028269e-01
3.516710875721581475e-01
3.524433967845669313e-01
3.548518160970244306e-01
3.533040473161559447e-01
3.586360486687256710e-01
3.586396583040314945e-01
3.616217596865463069e-01
3.616217596865463069e-01
3.609926232152984027e-01
3.605896764238223917e-01
3.605896764238223917e-01
3.605896764238223917e-01
3.605896764238223917e-01
3.585907242742127909e-01
3.585907242742127909e-01
3.566027856489114023e-01
3.596202969747525069e-01
3.596202969747525069e-01
3.584667665327967434e-01
3.543685247286903484e-01
3.543685247286903484e-01
3.543685247286903484e-01
3.589565909445269765e-01
3.589565909445269765e-01
3.589565909445269765e-01
3.589565909445269765e-01
3.555977327313049607e-01
3.590191162807734870e-01
3.590191162807734870e-01
3.556522099515297408e-01
3.556522099515297408e-01
3.556522099515297408e-01
3.556522099515297408e-01
3.556522099515297408e-01
3.556522099515297408e-01
3.556522099515297408e-01
3.555745667706339264e-01
3.555745667706339264e-01
3.555745667706339264e-01
3.557198853046578124e-01
3.526949607034568501e-01
3.505995136439363780e-01
3.557198853046578124e-01
3.557198853046578124e-01
3.587119858255637950e-01
3.557143236038267098e-01
3.587119858255637950e-01
3.556318220282793652e-01
3.534772069075668988e-01
3.563790393923381705e-01
3.569114037143319984e-01
3.558764174879975872e-01
3.551623247531635608e-01
3.537492079415653912e-01
3.496310555271086584e-01
3.513774671300257113e-01
3.503838308683495106e-01
3.538614473279139694e-01
3.518491260826973055e-01
3.471215221246157223e-01
3.434953239909830924e-01
3.393751913193017722e-01
3.378699022274220254e-01
3.292266056155210285e-01
3.236689104595832367e-01
3.191887853545042897e-01
3.141601434115938174e-01
3.036218848408553383e-01
2.926620802808013178e-01
2.855748214521870998e-01
2.758007192950009956e-01
2.580070296096583227e-01
2.320622964033461078e-01
