2.746671295544249047e-01
2.920253911168221861e-01
2.952159754043127693e-01
2.943971643791012394e-01
2.934867165731609440e-01
2.905499545099936021e-01
2.913332239287853009e-01
4.824144269911607719e-01
4.824144269911607719e-01
2.904835632815969126e-01
2.918280863499963518e-01
2.889898074368446590e-01
2.885549159200225255e-01
2.885549159200225255e-01
2.907585532103464931e-01
2.907585532103464931e-01
2.907585532103464931e-01
3.395475371899217554e-01
3.395475371899217554e-01
2.872401602234772588e-01
2.886282887029055222e-01
2.886282887029055222e-01
2.909248727662268608e-01
2.910589219166771491e-01
1.444728927891779202e+00
2.877344354153062445e-01
2.897081699117519116e-01
2.910835321408350440e-01
2.897511087209272973e-01
2.900436230020076445e-01
2.900436230020076445e-01
2.917710138345124271e-01
2.896999118289251829e-01
2.881456136020654202e-01
7.006507540054620620e-01
-6.427215247674685772e-01
8.418352036567137153e-01
2.888375173963377285e-01
2.870665613549885364e-01
2.838924279432997744e-01
2.839748273936367751e-01
2.842862989403354135e-01
2.832188920109198205e-01
2.828852829170837579e-01
2.850787465856425840e-01
2.850269583804895257e-01
2.862343521685247194e-01
2.848225255384945753e-01
2.851339630703621508e-01
2.845807660769130165e-01
2.850910067256891001e-01
2.869712432082188736e-01
2.882929459972338737e-01
2.890905664339203374e-01
2.861047382255795246e-01
2.826018599797387454e-01
2.839733453651179795e-01
2.858696741845750400e-01
2.860761510659025064e-01
2.888704602678300315e-01
3.720899247093620854e-01
2.898316673885677486e-01
1.464703133687040193e+00
6.633481490837438432e-01
2.894364609748691919e-01
2.905095981099616864e-01
2.893829749115214844e-01
2.958057485614155047e-01
2.918366590706105157e-01
2.895668477293301679e-01
2.958057485614155047e-01
2.958057485614155047e-01
2.893829749115214844e-01
2.914465257576857593e-01
2.919507060489821004e-01
2.877121325800864327e-01
7.006507540054620620e-01
7.600799690308918111e-01
-5.947609580821597852e-01
1.168184739272573269e+00
7.600799690308918111e-01
2.896998803507433995e-01
7.006507540054620620e-01
7.006507540054620620e-01
7.006507540054620620e-01
1.180392887020016435e+00
1.180392887020016435e+00
1.180392887020016435e+00
1.180392887020016435e+00
1.180392887020016435e+00
7.006507540054620620e-01
2.897782154179856517e-01
2.897782154179856517e-01
2.897782154179856517e-01
2.927962376175750059e-01
2.897250093453528352e-01
2.897250093453528352e-01
2.894901967304865376e-01
2.894901967304865376e-01
2.894901967304865376e-01
2.894901967304865376e-01
-1.510712778248313848e+00
2.897250093453528352e-01
2.897250093453528352e-01
2.927962376175750059e-01
2.927962376175750059e-01
2.927962376175750059e-01
2.922630689406965354e-01
2.930602659648442465e-01
2.928427349113023048e-01
2.949283108860870639e-01
2.949283108860870639e-01
2.953590513861665268e-01
2.953590513861665268e-01
2.953590513861665268e-01
2.951278761292934205e-01
2.951278761292934205e-01
2.945565504113804023e-01
1.049516304667625022e+00
2.944973825126055988e-01
2.944973825126055988e-01
2.952557890614725400e-01
2.949636030543422716e-01
2.923936529516732441e-01
2.944384695421150555e-01
2.944384695421150555e-01
2.943798104558724704e-01
3.263640109504523656e-01
2.971334431161861689e-01
2.971334431161861689e-01
2.951839860200482502e-01
3.263640109504523656e-01
3.263640109504523656e-01
2.944590087264268852e-01
2.954243478365202735e-01
2.954243478365202735e-01
2.954243478365202735e-01
2.954243478365202735e-01
2.954243478365202735e-01
4.680703746833256851e-01
4.680703746833256851e-01
2.947650873848758346e-01
2.947650873848758346e-01
2.947650873848758346e-01
2.947650873848758346e-01
2.947650873848758346e-01
2.947650873848758346e-01
2.947650873848758346e-01
2.947650873848758346e-01
2.947650873848758346e-01
2.947650873848758346e-01
2.947650873848758346e-01
2.949283108860870639e-01
2.949283108860870639e-01
2.949283108860870639e-01
2.949283108860870639e-01
2.928427349113023048e-01
2.928427349113023048e-01
2.928427349113023048e-01
2.928427349113023048e-01
-1.876075688042907430e+01
2.949832117729191405e-01
3.166401857478159165e+00
3.281132830221706875e-01
2.926120250734713379e-01
2.927077659980599211e-01
2.884310916862114493e-01
2.868190325860192624e-01
2.870796639545563633e-01
2.837160459472967133e-01
2.812493789925229470e-01
2.781895673285238457e-01
2.799596459593938769e-01
2.788387610937532735e-01
2.776115035424652766e-01
2.766368588921223615e-01
2.732951718022557652e-01
2.722667979688349060e-01
2.716958076410172507e-01
2.738557364331955513e-01
2.690273149949155562e-01
2.690818374988875328e-01
2.675425314001915744e-01
2.654051389220741797e-01
2.669033104583027893e-01
2.647470005382875358e-01
2.644221047609051634e-01
2.636884696017278706e-01
2.140788771781381161e-01
1.026972587782909799e-02
-2.013638445001590828e-05
1.441379220029354556e-03
1.077698544679244960e-02
1.517439182981243917e-01
3.176273744977484159e-02
3.214476923845686201e-02
6.334154943586130064e-03
5.588799342150291283e-02
2.277570186077244596e-01
2.628273660512543408e-01
2.621048419250410211e-01
2.589624451385604820e-01
2.611365353896862307e-01
2.579303076369037218e-01
2.586316597345872936e-01
2.561933976366740917e-01
2.550831233398954123e-01
2.545470961617232741e-01
2.516442428999049463e-01
2.489181565412923458e-01
2.506691796099027592e-01
2.478204445119470689e-01
2.484182891192613096e-01
2.452832509448893417e-01
2.452253238723892947e-01
2.429019123675755232e-01
2.396159624668099397e-01
2.393309781800297686e-01
2.382738749582460069e-01
2.374524890035541458e-01
2.354569428756030647e-01
2.355463226666113241e-01
2.343114332615300055e-01
2.323436088666770705e-01
2.314585710396636631e-01
2.323262918118910447e-01
2.274901238038028461e-01
2.271195741675777480e-01
2.257226417926345152e-01
2.256038054343680044e-01
2.232750074555050757e-01
2.216213790225305402e-01
2.216099552003062689e-01
2.187677066463844799e-01
2.199299779517276954e-01
2.195033084162953951e-01
2.151545107122623812e-01
2.143198368808142407e-01
2.129559368878321812e-01
2.097639977393865318e-01
2.081300665136743278e-01
2.051486564847828931e-01
2.033755519175134696e-01
2.012842275524229230e-01
1.970609423238086078e-01
1.965961157006858029e-01
1.917461864234654423e-01
1.890049372817669548e-01
1.879634552852091911e-01
1.841077817447117349e-01
1.814546725304163610e-01
1.787399291537955515e-01
1.764780305577686725e-01
1.717003530105528364e-01
1.695087538109521785e-01
1.675425000219011029e-01
1.636630176986144380e-01
1.610005277507810251e-01
1.608001053178166606e-01
1.582103566122698701e-01
1.544006216888308691e-01
1.525072241051559363e-01
1.497889942337131963e-01
1.445730088707380678e-01
1.426070818569673548e-01
1.384306313634434404e-01
1.367808750354514713e-01
1.334681406353050714e-01
1.321949824137438889e-01
1.312834561422167312e-01
1.291065816487779738e-01
1.277053200090191853e-01
1.274356882060245777e-01
1.248881280578203190e-01
1.235885441523809219e-01
1.228205969244424434e-01
1.207844609323366764e-01
1.186510036151583458e-01
1.166739907667575099e-01
1.162589714736459306e-01
1.130716625228852246e-01
1.108288701661684222e-01
1.091819293775430494e-01
1.074852035914185683e-01
1.069082469864992002e-01
1.053725482919999207e-01
1.054807259006786957e-01
1.047620286211826263e-01
1.037181840545646355e-01
1.047213911954660293e-01
1.056423362082188899e-01
1.071782912450076897e-01
1.075919443025276923e-01
1.106332150725186786e-01
1.101833189224176029e-01
1.120227733285420468e-01
1.127446672706985537e-01
1.135736199403201419e-01
1.130558808376145585e-01
1.147474934035445510e-01
1.159396040211021772e-01
1.166288853974098844e-01
1.158882527603767726e-01
1.152834827807446283e-01
1.126824795274803115e-01
1.123153216490945100e-01
1.118901528144138624e-01
1.124969185321382098e-01
1.139123957962205058e-01
1.138868853224161010e-01
1.149442862912664343e-01
1.139439561851407767e-01
1.161272553406657304e-01
1.162191823439452931e-01
1.176500437374937563e-01
1.188705430624714676e-01
1.197571956907382135e-01
1.190207283997335719e-01
1.200733341169489682e-01
1.196891944349792458e-01
1.208686840004598723e-01
1.211509009509124102e-01
1.211509009509124102e-01
1.220222252082786146e-01
1.242333587998443872e-01
1.231284337829190029e-01
1.241722045920496120e-01
1.246963652407078321e-01
1.257707457627008640e-01
1.270971196951576343e-01
1.269316501436852929e-01
1.264967631816356908e-01
1.286409074662466512e-01
1.286409074662466512e-01
1.272692195914656155e-01
1.297315744997828146e-01
1.309476413894006819e-01
1.325935323421320866e-01
1.337535856035894088e-01
1.335576506312009526e-01
1.361941217414573413e-01
1.358516228792157332e-01
1.375041448170819247e-01
1.396003293305869697e-01
1.396003293305869697e-01
1.387413596260099191e-01
1.420395610908823103e-01
1.403334174277072743e-01
1.421509696605442741e-01
1.427747439458151302e-01
1.447652725130098572e-01
6.674218652376290133e-03
1.504923802118899590e-01
1.501102261690933082e-01
1.521918239217663338e-01
1.522630430651839839e-01
1.542931150557470821e-01
1.550728487613887985e-01
1.595547435376487300e-01
1.667601727135074319e-01
2.161523039827898118e-01
1.921278389592344926e-01
1.743222074135724053e-01
1.645316893506592049e-01
1.534288507915644861e-01
1.475106019798278212e-01
1.477072056716102477e-01
1.510452347014150931e-01
1.532200859634235968e-01
1.577380580289491074e-01
1.694125901327322992e-01
1.769337625922500490e-01
1.844496643566242433e-01
1.940327104910536116e-01
2.053208750762047230e-01
2.102440564025556680e-01
2.155720330378195770e-01
2.193061515721590748e-01
2.178762514320545518e-01
2.178762514320545518e-01
2.155920622075388482e-01
2.136541182541329131e-01
2.151936025398782926e-01
2.166107176058537365e-01
2.152468305618621958e-01
2.166577631258706504e-01
2.154467881050938227e-01
2.183084840233944501e-01
2.196713417793921541e-01
2.210347369151733354e-01
2.205560420971382773e-01
2.231982659850532402e-01
2.245274430290160883e-01
2.258839504948415566e-01
2.298760547647005770e-01
2.303317753981863891e-01
2.314008358613277860e-01
2.342984478581098540e-01
2.361315290032408309e-01
6.237807540921189720e-01
2.454183090360908814e-01
2.485841117878036799e-01
2.496997141046789492e-01
2.529928203843643253e-01
2.559884351616270592e-01
2.610301438021723208e-01
2.632802154905257708e-01
2.607224438688123813e-01
2.675280195073091449e-01
2.698444142333377149e-01
2.749143028091304841e-01
2.771858001442850106e-01
2.817920563240571274e-01
2.852345609800318593e-01
2.909868418347664187e-01
2.906875856569769989e-01
2.934862913878941160e-01
2.962878544960860783e-01
2.963567151062505012e-01
2.975458835819099757e-01
3.007809532017141629e-01
3.020637420439291621e-01
3.066394940485654419e-01
3.068693898458179636e-01
3.071854485595092443e-01
3.113582268260842723e-01
3.146380293432606279e-01
3.187783780254752619e-01
3.232893535539407837e-01
3.247385727333333416e-01
3.330181956751405159e-01
3.301073356179689555e-01
3.391577856928329471e-01
3.363525856488664423e-01
3.393516184120619616e-01
3.405705447551446996e-01
3.435123932431093374e-01
3.439080419364450303e-01
3.439060535369147242e-01
3.430890233022321767e-01
3.441541063932632150e-01
3.399273132662660735e-01
3.393722140287002698e-01
3.354846092931131341e-01
3.365323921306599408e-01
3.361806415575895324e-01
3.323008833098661241e-01
3.295562861808016275e-01
3.272480206349006604e-01
3.276588307770031960e-01
3.264201743658706745e-01
3.239493755528984886e-01
3.229811048405080709e-01
3.188898418517079891e-01
3.149850916070042750e-01
3.130083431778905023e-01
3.096509339439014186e-01
3.075886578328435039e-01
3.056119803529299683e-01
3.021521801662440110e-01
3.011494931153055332e-01
3.005419978136243953e-01
2.975184839150522564e-01
2.948364328335049689e-01
2.926555618239404244e-01
2.909890685629961671e-01
2.879065322437449614e-01
2.871256861633729174e-01
2.840647023792610137e-01
2.846636381451853048e-01
2.837199584347698811e-01
2.793606679664336623e-01
2.762536012686943043e-01
2.750826882441351207e-01
2.737854496147756334e-01
2.722160493107418922e-01
2.673131062422861581e-01
2.679143464462727664e-01
2.668205699311132495e-01
2.668205699311132495e-01
7.425833974695901507e-02
5.557794059552662036e-02
2.635793804201284618e-01
2.630673378117635575e-01
2.637487784021446124e-01
2.660027213925843514e-01
2.654819939140186658e-01
2.675263836436566067e-01
2.688728320173583985e-01
2.734955957626163392e-01
2.734955957626163392e-01
2.756856550674249839e-01
2.798202685003844947e-01
2.805872474379470516e-01
2.802545825312809380e-01
2.808477733254506337e-01
2.832062606420568951e-01
2.861304196130282640e-01
2.875466540638557666e-01
2.777728006738409694e-01
2.777728006738409694e-01
2.935102641634677045e-01
2.630901856799524596e-01
4.755062944252578389e-02
-4.316525072140556208e-05
2.108611724413447568e-07
9.635125803227099443e-04
-2.030308879384813431e-03
2.987797724610313788e-02
4.625835432499218747e-02
2.050949532237532624e-01
2.050949532237532624e-01
3.333569952115098545e-01
3.343427295768192087e-01
3.329207224932786424e-01
3.319395583009310258e-01
3.291635374902933675e-01
3.307524076978615168e-01
3.233747038747185609e-01
3.217443149356420951e-01
3.150983365846334316e-01
3.119259233742493476e-01
3.119259233742493476e-01
3.140678146898337464e-01
3.082014470496111103e-01
3.056588158897040053e-01
3.013585455441766814e-01
3.010685213841260421e-01
2.968591715123643504e-01
2.953395048481421981e-01
2.956907725619450367e-01
2.928848150640546710e-01
2.921194450391844111e-01
2.921194450391844111e-01
2.907475421432915152e-01
2.885859348471073171e-01
2.887848217704549469e-01
2.882226273257233462e-01
2.842907195863659253e-01
2.842907195863659253e-01
4.058652167939025834e-01
2.790212889373314131e-01
2.767085770747307882e-01
2.773542853049237311e-01
2.773542853049237311e-01
2.753696623943084343e-01
2.758858875919106279e-01
2.735941433063570627e-01
2.735178153997109840e-01
2.736452974443726038e-01
2.713857688482579911e-01
2.729361182702825794e-01
2.729361182702825794e-01
2.735980355273272546e-01
2.713424693018486877e-01
2.713424693018486877e-01
2.714648518051614445e-01
2.713424693018486877e-01
2.714648518051614445e-01
2.714648518051614445e-01
2.690392200847592785e-01
2.690392200847592785e-01
2.695329351753585900e-01
2.675753574875561203e-01
2.682713477411657887e-01
2.682713477411657887e-01
2.682713477411657887e-01
2.675753574875561203e-01
2.692734590752965951e-01
2.672057025894389315e-01
2.672057025894389315e-01
2.677922612993697271e-01
2.676546043385191198e-01
2.672491812032826153e-01
2.700038212721188602e-01
2.706796657811427198e-01
2.706144237976697564e-01
2.733921812690625619e-01
2.732664354027591336e-01
2.730911460930363632e-01
2.766119468209361498e-01
2.768193212311657048e-01
2.766889101116146721e-01
2.790080274417892081e-01
2.790801787611333351e-01
2.790801787611333351e-01
4.506953175516645316e-01
4.506953175516645316e-01
3.338773753075875705e-02
2.836897895739483588e-01
2.869365579102713948e-01
2.868870282615939016e-01
2.865132079522328401e-01
2.889303645030663614e-01
2.918925191150221754e-01
2.918925191150221754e-01
2.943837403328628533e-01
1.316528376846848140e-02
1.316528376846848140e-02
2.932464632397153714e-01
2.936444485736583454e-01
2.936444485736583454e-01
2.927514090395348934e-01
2.934631330737668131e-01
2.902573837423854664e-01
2.877609588997079859e-01
2.877609588997079859e-01
2.853574450115828331e-01
2.855373043270145739e-01
2.861705614550186239e-01
2.861705614550186239e-01
2.853316078161677871e-01
2.869693346061374939e-01
2.845681122727631296e-01
2.845681122727631296e-01
2.847188772946626645e-01
2.814842618756053794e-01
2.840891682479382285e-01
2.814055747359313076e-01
2.814055747359313076e-01
2.814055747359313076e-01
2.790447761602105059e-01
2.793127184709383592e-01
2.771813308574033741e-01
2.716908455066983641e-01
2.696277197480953514e-01
2.674163428543734899e-01
2.674239824601479243e-01
2.652835457446993117e-01
2.673843951256848483e-01
2.646625996984687812e-01
2.668728798640932487e-01
2.673451341792663638e-01
2.667885685265887208e-01
2.688746456643350546e-01
2.688746456643350546e-01
2.723321206001014239e-01
2.722463196926294682e-01
2.757762122418265238e-01
2.761022233415714733e-01
2.792323423138426408e-01
2.807294963725582293e-01
2.842699725919771159e-01
2.881314302035196673e-01
2.950796871175673242e-01
2.961903681100345187e-01
2.977795701829233366e-01
3.013952384832816467e-01
3.019794631419341346e-01
3.055221061526234849e-01
3.090927165733205473e-01
3.096719482365248854e-01
3.126348846284109362e-01
3.162437563098962623e-01
3.173699311246718224e-01
3.210839243500359652e-01
3.222924258236937178e-01
3.299396004187010734e-01
3.300137639385300470e-01
3.315348771195096300e-01
3.359771925563331818e-01
3.406893113786327310e-01
3.444581150374345646e-01
3.473054321342874950e-01
3.486486081012206695e-01
3.483748816405057847e-01
3.529507563138409298e-01
3.527787071666467766e-01
3.541502395729353991e-01
3.541062038600351625e-01
3.585026418069230947e-01
3.597110002742886503e-01
3.681796223601194740e-01
3.706699638825390886e-01
3.754246833162465102e-01
3.767561604407101417e-01
3.774801722230107237e-01
3.734852399923485056e-01
3.674983838227391386e-01
3.648859904920939701e-01
3.601550277643185693e-01
3.592676167165709811e-01
3.503480639367880789e-01
3.408425687734128462e-01
3.266487057185605836e-01
3.163055979798984896e-01
3.059732295821383508e-01
3.012977858511169948e-01
2.916004823575593652e-01
2.815036178951031420e-01
2.783375851702690751e-01
2.186722090276148056e-01
-1.458402777798612979e-03
9.672290811599856385e-06
2.892249582592620882e-02
2.349186195210368755e-01
2.576454522175108952e-01
2.557712350894487674e-01
2.579093424741605856e-01
2.576578939967729687e-01
2.576578939967729687e-01
2.523342156322371799e-01
2.542711947078379331e-01
2.549826805864353618e-01
2.549826805864353618e-01
2.549826805864353618e-01
2.549826805864353618e-01
2.549826805864353618e-01
2.546966247194119570e-01
2.541600781564881117e-01
2.538592435111247103e-01
2.532874287395048829e-01
2.521761557667013820e-01
2.519222279032194423e-01
2.521170322269649655e-01
2.516428818626308961e-01
2.516428818626308961e-01
2.546047745392880923e-01
2.532507041499071909e-01
2.550592197411195028e-01
2.550592197411195028e-01
2.283695854407558068e-01
3.020935126998252132e-02
-4.462552310545992839e-04
-2.419210638281461302e-03
7.461325334086262029e-02
2.663642358776201480e-01
2.686853629462985782e-01
2.711332908928001939e-01
2.775936934585158111e-01
2.775936934585158111e-01
2.775072518498180596e-01
2.817094583184019396e-01
2.849386511988504234e-01
2.861776454360023259e-01
2.859232617943890387e-01
2.865608428700974208e-01
2.865608428700974208e-01
2.860647839798455827e-01
2.863788013421713630e-01
2.857831675659674442e-01
2.857831675659674442e-01
2.830403419142529797e-01
2.830163612451415678e-01
2.828614443736125472e-01
2.821736649788789131e-01
2.821736649788789131e-01
2.843913027056333975e-01
2.892381043741534263e-01
2.914744871480763333e-01
2.914744871480763333e-01
2.889343638156269267e-01
2.889343638156269267e-01
2.914394634111701632e-01
2.889872778950418608e-01
2.854014530564932817e-01
2.830199319286464954e-01
2.794974014163786880e-01
2.465721135924286156e-01
5.952667839615460518e-03
2.663276007752245489e-01
2.613548189804202337e-01
2.576473193453712174e-01
2.576473193453712174e-01
2.547031070224565763e-01
2.515963013943364190e-01
2.499989765356836757e-01
2.441175457810121352e-01
2.423881815110426607e-01
2.407526208646426080e-01
2.372944211338486598e-01
2.357161247951803096e-01
2.347366827718190552e-01
2.372101190083844013e-01
2.372101190083844013e-01
2.379856318728517384e-01
2.390140981692031041e-01
2.441804561385134131e-01
2.461427659480996122e-01
2.518980108472353430e-01
2.560227273552106442e-01
2.657636738314476665e-01
2.720774491626234970e-01
2.776927292018175342e-01
2.857108073962080219e-01
2.857108073962080219e-01
2.927087880350882632e-01
2.983074902808012796e-01
3.054731296273390795e-01
8.467007514905114940e-01
3.198396193640580809e-01
3.219220250446428455e-01
3.275592242713087354e-01
3.277535807800824319e-01
3.246981665626977875e-01
3.190688080070104293e-01
3.190688080070104293e-01
3.144421211770132563e-01
3.058442175910834893e-01
2.947926828070872585e-01
2.862823853774096872e-01
2.769390199923131290e-01
2.695572697904935477e-01
2.668766563614343168e-01
-8.043528625931513595e-06
3.568357875825724501e-01
3.610625541724636900e-01
3.681478517632782443e-01
3.719565891158987947e-01
3.744032390875179916e-01
3.699300764988253110e-01
3.716390304185262505e-01
3.658888673488205345e-01
3.678345205561851516e-01
3.670750689526361965e-01
3.688227107310915187e-01
3.703980315804784040e-01
3.746639600389208291e-01
3.713338177519872052e-01
3.758360014751613298e-01
3.793080827667351662e-01
3.837242968158976475e-01
3.894545689838612712e-01
3.938947021041797059e-01
3.932964413290652717e-01
3.928544218473748462e-01
3.955402130602315713e-01
3.948110963740724122e-01
3.977887953510509944e-01
4.010117580922715197e-01
4.099659392031020921e-01
4.054355894877304523e-01
4.109773808134623563e-01
4.085673685062951588e-01
3.992475428724811537e-01
3.995405832592551221e-01
3.989211439145557425e-01
4.061445663823321506e-01
4.112928802292912800e-01
4.111919291241968866e-01
4.190197970551028384e-01
4.179816138098729761e-01
4.127659925986725264e-01
4.076579763819908608e-01
4.048844826012380493e-01
4.042081418538716608e-01
4.030143698690816789e-01
4.067260944634984443e-01
4.096697689984917790e-01
4.092090980986455850e-01
4.035432300660449223e-01
3.985923880137289821e-01
4.011862264417504487e-01
3.952428037736026023e-01
3.980341974584738485e-01
3.999868491405612070e-01
4.008020853091310842e-01
3.994590213205369555e-01
3.915010069434144979e-01
3.875483382008869659e-01
3.911152315218210940e-01
3.911152315218210940e-01
3.928243651245065804e-01
3.928243651245065804e-01
3.932102466592916068e-01
3.915410897359502540e-01
3.902577023241653453e-01
3.919416353450020929e-01
3.943298008337683958e-01
3.907160336866602468e-01
3.919698390514730346e-01
3.894661385229987172e-01
3.894661385229987172e-01
3.919698390514730346e-01
3.956158122993827519e-01
3.937972398123930629e-01
3.937972398123930629e-01
3.919255625301029111e-01
3.919255625301029111e-01
3.919255625301029111e-01
3.937707390545191477e-01
3.923917779862815536e-01
3.960544584306966986e-01
3.960544584306966986e-01
3.960544584306966986e-01
3.959475217535790570e-01
3.959475217535790570e-01
3.975455210577220622e-01
4.015060575962154932e-01
4.039499284424415415e-01
4.026577271211095876e-01
4.069511705309415417e-01
4.010683466087732740e-01
4.048762335987114991e-01
4.087547550392162110e-01
4.085622361282763015e-01
4.075658577818269124e-01
4.052458935550349861e-01
4.101674388189950338e-01
4.062371193035535510e-01
4.089395598831842005e-01
4.091534918244671970e-01
4.091534918244671970e-01
4.094517129184989668e-01
4.091534918244671970e-01
4.071470348453473109e-01
4.094517129184989668e-01
4.094517129184989668e-01
4.094517129184989668e-01
4.049319168417351844e-01
4.049319168417351844e-01
4.094517129184989668e-01
4.094517129184989668e-01
4.091534918244671970e-01
4.091534918244671970e-01
4.101674388189950338e-01
4.121907990084180406e-01
4.065591315553613305e-01
4.054817574075428310e-01
4.119433704123723339e-01
4.119433704123723339e-01
4.081882268938096803e-01
4.081882268938096803e-01
4.081882268938096803e-01
4.081882268938096803e-01
4.099330480122846398e-01
4.088765309489807431e-01
4.115891546357786090e-01
4.124749891716319450e-01
4.125914779016656708e-01
4.101343419142005065e-01
4.109226212160033143e-01
4.068425406455525861e-01
4.038827533080791565e-01
4.009680301646367240e-01
3.925667729577526077e-01
3.920971992498026304e-01
3.920971992498026304e-01
3.884312196603907918e-01
3.889313111135488943e-01
3.827525123301340204e-01
3.808435953915068617e-01
3.833542784396863912e-01
3.793502962190181682e-01
3.806494842632996978e-01
3.805881188093998557e-01
3.817707946390011542e-01
3.828800524402939942e-01
3.800125676069350811e-01
3.832041967026308948e-01
3.807281596362884768e-01
3.783427831152922916e-01
3.755393100225340453e-01
3.755393100225340453e-01
3.777618720435273469e-01
3.708779147194173897e-01
3.721282667766332430e-01
3.695808907872765725e-01
3.673356008963505337e-01
3.673191808297168182e-01
3.678156799543952915e-01
3.654739356988163101e-01
3.663941719660499530e-01
3.637702693189308611e-01
3.637702693189308611e-01
3.666376401426313936e-01
3.650705174076736004e-01
3.655344321027179100e-01
3.651296510149224517e-01
3.622840886023492857e-01
3.637029422449232774e-01
3.672735974782537771e-01
3.644083678075193955e-01
3.666605071884496136e-01
3.669411848213954275e-01
3.669411848213954275e-01
3.656735925889482708e-01
3.674693434080016918e-01
3.721282667766332430e-01
3.674587184882870394e-01
3.697134825257276103e-01
3.677721947198608898e-01
3.682516078086848221e-01
3.684707463337937305e-01
3.671736822473490314e-01
3.660197893108221856e-01
3.660197893108221856e-01
3.693767191178722875e-01
3.664350325758553018e-01
3.667302045543331390e-01
3.690426419426639515e-01
3.699249586914923338e-01
3.708778043939212066e-01
3.711536656148091140e-01
3.703511280506778802e-01
3.724422870760584203e-01
3.692236367782679718e-01
3.692236367782679718e-01
3.735734925435000853e-01
3.713015236379826334e-01
3.763492567536512734e-01
3.712289721999269543e-01
3.729142394641206670e-01
3.729963907721046690e-01
3.713947017830570019e-01
3.725095190833872527e-01
3.736248395233227049e-01
3.721425860739471791e-01
3.721425860739471791e-01
3.732569728642473050e-01
3.728849564207165623e-01
3.695071082430421705e-01
3.720523396381889003e-01
3.754393398921168079e-01
3.753754457831365854e-01
3.753117024813553138e-01
3.694692457784037321e-01
3.718714328683442316e-01
3.737447264581189588e-01
3.737447264581189588e-01
3.724334661265762403e-01
3.753754457831365854e-01
3.734936021063282041e-01
3.739603525119056249e-01
3.748849462021481838e-01
3.737548785311016752e-01
3.740309558741033991e-01
3.717761046330671504e-01
3.738642418572511450e-01
3.756319308848169447e-01
3.756319308848169447e-01
3.707560560113151715e-01
3.756964292822861373e-01
3.692006701631726506e-01
3.698171590348937054e-01
3.708541877047169533e-01
3.708541877047169533e-01
3.682782596797412045e-01
3.692785952604242805e-01
3.632960052069165169e-01
3.649932148856603331e-01
3.649932148856603331e-01
3.644716979144103086e-01
3.631217577415866704e-01
3.629005182423095666e-01
3.616137658625497298e-01
3.638909008260851619e-01
3.601166044450186954e-01
3.621408666136025634e-01
3.662189491950622600e-01
3.591083125053803893e-01
3.571802983507343932e-01
3.573727247426922160e-01
3.536594175815754304e-01
3.569937009522167193e-01
3.553377458672042910e-01
3.574649418933339429e-01
3.574649418933339429e-01
3.573959606194384020e-01
3.575143797646092025e-01
3.575143797646092025e-01
3.575143797646092025e-01
3.575143797646092025e-01
3.560817743981828376e-01
3.560817743981828376e-01
3.554462352786670332e-01
3.587583191592447207e-01
3.587583191592447207e-01
3.578785604319315028e-01
3.532584432139926900e-01
3.532584432139926900e-01
3.532584432139926900e-01
3.586150845477186211e-01
3.586150845477186211e-01
3.586150845477186211e-01
3.586150845477186211e-01
3.555555844239011165e-01
3.598108798805675357e-01
3.598108798805675357e-01
3.566913921793264941e-01
3.566913921793264941e-01
3.566913921793264941e-01
3.566913921793264941e-01
3.566913921793264941e-01
3.566913921793264941e-01
3.566913921793264941e-01
3.571958285727176996e-01
3.571958285727176996e-01
3.571958285727176996e-01
3.578821142967819613e-01
3.551174790933028236e-01
3.535845223943275828e-01
3.578821142967819613e-01
3.578821142967819613e-01
3.611970133675589389e-01
3.579161031972866169e-01
3.611970133675589389e-01
3.583767179970278605e-01
3.567873337504562925e-01
3.588535051332874537e-01
3.596385283847305936e-01
3.596843751411130663e-01
3.595327510338208188e-01
3.585886875284829411e-01
3.558197110509477290e-01
3.606439567704188831e-01
3.618648189074656907e-01
3.657815515266111261e-01
3.640048182036138003e-01
3.599627613570610118e-01
3.561358557045947171e-01
3.545741821095992341e-01
3.549232589290895468e-01
3.490200699936155115e-01
3.484186132895286114e-01
3.491586734902497602e-01
3.497433852281601196e-01
3.455547371901738218e-01
3.413519630940287097e-01
3.404721240260734638e-01
3.376849431089569142e-01
3.330461695603467720e-01
3.277055441628102805e-01
