9.804536462081447912e-01
9.463158224361000181e-01
9.553112243542180027e-01
9.511285599098947552e-01
9.486050414179288959e-01
9.402006025667821731e-01
9.432724518040296324e-01
1.562684067399566334e+00
1.562684067399566334e+00
9.409224405251269685e-01
9.441921594834665754e-01
9.362294887723545678e-01
9.354720279557325879e-01
9.354720279557325879e-01
9.404172491591651362e-01
9.404172491591651362e-01
9.404172491591651362e-01
1.097360105309068246e+00
1.097360105309068246e+00
9.293808791012321269e-01
9.347851532660024221e-01
9.347851532660024221e-01
9.407348337071875788e-01
9.428226300839641638e-01
4.662173033055651672e+00
9.333233394219014878e-01
9.399600873685391988e-01
9.457004882493801334e-01
9.423862972306616959e-01
9.440569749214537953e-01
9.440569749214537953e-01
9.488699266564561974e-01
9.433917466866994506e-01
9.382067590290619208e-01
2.275858591126422414e+00
-2.083748551582333963e+00
2.720719398487798646e+00
9.344803222506427032e-01
9.285053718908373721e-01
9.154627290043720889e-01
9.139519262961208756e-01
9.143282801034890994e-01
9.104252586295542571e-01
9.084153924084663601e-01
9.161267562795187835e-01
9.168456771364142943e-01
9.230855522710585959e-01
9.197427549858088192e-01
9.219064865325634628e-01
9.200601045318039795e-01
9.226653727412920114e-01
9.282661106635142767e-01
9.319185207993327946e-01
9.336544648600064722e-01
9.232759949171854830e-01
9.127970648898814376e-01
9.187321466826394722e-01
9.239123882596377291e-01
9.271260675268352403e-01
9.362050194592633767e-01
1.204358673425455439e+00
9.428619712395398533e-01
4.752562670276479828e+00
2.158610121414842098e+00
9.445867250762053358e-01
9.479549759915949503e-01
9.453490370071706561e-01
9.664730239234800013e-01
9.538634325846292450e-01
9.466724987664140167e-01
9.664730239234800013e-01
9.664730239234800013e-01
9.453490370071706561e-01
9.513841622393311992e-01
9.523457998473563446e-01
9.375836428129429301e-01
2.275858591126422414e+00
2.463152238891507473e+00
-1.929409409033131073e+00
3.775679075755921765e+00
2.463152238891507473e+00
9.410641204969633078e-01
2.275858591126422414e+00
2.275858591126422414e+00
2.275858591126422414e+00
3.827172948974199684e+00
3.827172948974199684e+00
3.827172948974199684e+00
3.827172948974199684e+00
3.827172948974199684e+00
2.275858591126422414e+00
9.436184693112212862e-01
9.436184693112212862e-01
9.436184693112212862e-01
9.529872007569952785e-01
9.443777905406469664e-01
9.443777905406469664e-01
9.438272104874867452e-01
9.438272104874867452e-01
9.438272104874867452e-01
9.438272104874867452e-01
-4.899236645452922367e+00
9.443777905406469664e-01
9.443777905406469664e-01
9.529872007569952785e-01
9.529872007569952785e-01
9.529872007569952785e-01
9.531542501556636848e-01
9.567524824181510290e-01
9.562602272494373778e-01
9.633105954565552853e-01
9.633105954565552853e-01
9.649804711069561725e-01
9.649804711069561725e-01
9.649804711069561725e-01
9.644454871009571217e-01
9.644454871009571217e-01
9.623090087823047423e-01
3.414633586394206333e+00
9.630711452077432844e-01
9.630711452077432844e-01
9.665596167694019414e-01
9.648590245089114781e-01
9.569026468103540850e-01
9.638360878486205152e-01
9.638360878486205152e-01
9.646038197747176524e-01
1.070938539207130891e+00
9.747138951407433582e-01
9.747138951407433582e-01
9.680518990725136552e-01
1.070938539207130891e+00
1.070938539207130891e+00
9.658309134135592000e-01
9.676286294145388656e-01
9.676286294145388656e-01
9.676286294145388656e-01
9.676286294145388656e-01
9.676286294145388656e-01
1.530782867364444799e+00
1.530782867364444799e+00
9.656498674601327048e-01
9.656498674601327048e-01
9.656498674601327048e-01
9.656498674601327048e-01
9.656498674601327048e-01
9.656498674601327048e-01
9.656498674601327048e-01
9.656498674601327048e-01
9.656498674601327048e-01
9.656498674601327048e-01
9.656498674601327048e-01
9.633105954565552853e-01
9.633105954565552853e-01
9.633105954565552853e-01
9.633105954565552853e-01
9.562602272494373778e-01
9.562602272494373778e-01
9.562602272494373778e-01
9.562602272494373778e-01
-6.101169700926515560e+01
9.625365067919395834e-01
1.027277308624119811e+01
1.066837504411107584e+00
9.528302205306434791e-01
9.512597454221397575e-01
9.357523900260600325e-01
9.281040273801784979e-01
9.260620372998537020e-01
9.156764410830376955e-01
9.084108497234536506e-01
8.993732435117818280e-01
9.055743204956266945e-01
9.025697822027642925e-01
8.988260056769207251e-01
8.959584690703962240e-01
8.848993937542668498e-01
8.827177164015851396e-01
8.798902880023206086e-01
8.864057103855731423e-01
8.700817245450178650e-01
8.687303921531269735e-01
8.644304858332172437e-01
8.562255326343773953e-01
8.616598151008049156e-01
8.534227979025159616e-01
8.517586738704033822e-01
8.502160245289891449e-01
6.951488307308316683e-01
6.129142374732718390e-02
-5.710396378408130740e-06
5.176690642883026439e-02
9.914754950306714498e-02
4.987249568491640694e-01
1.447319961599641547e-01
1.445900432174225259e-01
7.899275011349680964e-02
2.112180044802995371e-01
7.390264181156156464e-01
8.507107843496022337e-01
8.475322926605942664e-01
8.389595578972889323e-01
8.454609349652608685e-01
8.348153463999462565e-01
8.376297985486050868e-01
8.291062042981587332e-01
8.268268318442347775e-01
8.253091021154108642e-01
8.152849783267844819e-01
8.055734107241124820e-01
8.114062600783615853e-01
7.995855091933298242e-01
8.007365627610364411e-01
7.900598970030934254e-01
7.892345453793140342e-01
7.822681827745858740e-01
7.722684898397998987e-01
7.715560084272264918e-01
7.703509256892023815e-01
7.697491263874363110e-01
7.646860685952410197e-01
7.662895887612598544e-01
7.635917080815262103e-01
7.579942046445359294e-01
7.562767746730123530e-01
7.613164397406481099e-01
7.460152384077565202e-01
7.454870480245480158e-01
7.423506560230700435e-01
7.436531012993750078e-01
7.369428717182564537e-01
7.331524528261591511e-01
7.348998708010907599e-01
7.289259361257987013e-01
7.338686568867187621e-01
7.352636276434040274e-01
7.243573636320699283e-01
7.271748446273456068e-01
7.298795718028469048e-01
7.280372365951208735e-01
7.283290880577913962e-01
7.281935531606247292e-01
7.298904610052511233e-01
7.301801283984952207e-01
7.247693378765017735e-01
7.323701173896262073e-01
7.236433199256866455e-01
7.228257241328464033e-01
7.306920293050317428e-01
7.256251146168605226e-01
7.286188338894981076e-01
7.313856695143204911e-01
7.362561829066917030e-01
7.330079211054394417e-01
7.399200375287707798e-01
7.479914472639167533e-01
7.425224209626918315e-01
7.440104244649037302e-01
7.532299190418290102e-01
7.512526687184795104e-01
7.432352515560125550e-01
7.471995684534040727e-01
7.445231710167767858e-01
7.342119545841517825e-01
7.408573721771580800e-01
7.313391838759517594e-01
7.355423848920538132e-01
7.306139027575734302e-01
7.293485456374934062e-01
7.347296842419700491e-01
7.300288924030358118e-01
7.281564302155131285e-01
7.313242600905978108e-01
7.244071476314182245e-01
7.230492941195404422e-01
7.245324626534751511e-01
7.203357152090674731e-01
7.203573553396701579e-01
7.230234925196790119e-01
7.362873522289633543e-01
7.296702717427359097e-01
7.369222242432026393e-01
7.426627779646506333e-01
7.464128696386592710e-01
7.546630200754411710e-01
7.538536074088562078e-01
7.658667723723634468e-01
7.672196271091803466e-01
7.661429705674748236e-01
7.744030878258340023e-01
7.777973607625752184e-01
7.859946860596641605e-01
7.851591269111625193e-01
8.047754188658147179e-01
7.982723607650831221e-01
8.086271229987075371e-01
8.087945633936460821e-01
8.116000402449223827e-01
8.046720983226081092e-01
8.137668482761997168e-01
8.191605720475227947e-01
8.207725272702380837e-01
8.207385411755814264e-01
8.217140176075522495e-01
8.154470419861840069e-01
8.183717195239150755e-01
8.226203622270547022e-01
8.276779067274260271e-01
8.368056979000700890e-01
8.372056565259937688e-01
8.433870219691806946e-01
8.327800563599848660e-01
8.450156968164349580e-01
8.403161992205164799e-01
8.428696498912062740e-01
8.436287485483101589e-01
8.420619462993497173e-01
8.344328924667971936e-01
8.405496027313861251e-01
8.332383717479250329e-01
8.386343772387736539e-01
8.376055867189947657e-01
8.376055867189947657e-01
8.405144288586626766e-01
8.474645152059118169e-01
8.374756693011807807e-01
8.435126340247847132e-01
8.426334446433031422e-01
8.488722306790470462e-01
8.567099636236933380e-01
8.510526344106342789e-01
8.471255146541464276e-01
8.568571865569886148e-01
8.568571865569886148e-01
8.450511161175700003e-01
8.582187135609052886e-01
8.598687743394193284e-01
8.672065304377817307e-01
8.729646759959388547e-01
8.693874705911216472e-01
8.824994536967809555e-01
8.761434938992342936e-01
8.812362258527017822e-01
8.946395149787829126e-01
8.946395149787829126e-01
8.857411455964414593e-01
9.046981855323381616e-01
8.923982718608458597e-01
8.959790638270900276e-01
8.976179680571230168e-01
9.058182086590538251e-01
3.829203388904596495e-02
8.618513357922260587e-01
8.619894475887441843e-01
8.717668356239418603e-01
8.717600972020068673e-01
8.836361878359356714e-01
8.866191488865114989e-01
9.073405122241274823e-01
9.408882659410540139e-01
1.036635731259773152e+00
9.591408375597534341e-01
8.908359141126750425e-01
8.563215206058466533e-01
8.138151993982974952e-01
7.869832758922481464e-01
7.870297651676887440e-01
7.982975266368985690e-01
8.088288537683139268e-01
8.276845022733521073e-01
8.790222155657274605e-01
9.054027860353701662e-01
9.350765391560547091e-01
9.679832716367335887e-01
1.010851951208638244e+00
1.026013434324970053e+00
1.046025829466656898e+00
1.062471147013649420e+00
1.054690996068347264e+00
1.054690996068347264e+00
1.041549197634924040e+00
1.028955374275179357e+00
1.033569293262075695e+00
1.035264910042495989e+00
1.028082623488609793e+00
1.029799200670149739e+00
1.022356398549145950e+00
1.029890111757807647e+00
1.032528061899906646e+00
1.035187086165637371e+00
1.031067104672403811e+00
1.038739000588687400e+00
1.040482976695287665e+00
1.040889296906814643e+00
1.051403404263456576e+00
1.049325887831035420e+00
1.045833651300738687e+00
1.051802999840658615e+00
1.051788628183093044e+00
2.741464323919907020e+00
1.071469708627999173e+00
1.073341813305140446e+00
1.064550865289164649e+00
1.069123863475017977e+00
1.071097068753603665e+00
1.078941792144445522e+00
1.075915522500592969e+00
1.053373605887075293e+00
1.068331703144008049e+00
1.065497317370693642e+00
1.070595171556807168e+00
1.067900367741782874e+00
1.074410783452420581e+00
1.076765907155851076e+00
1.089150487320970084e+00
1.079539153187157652e+00
1.082871729006997352e+00
1.086212274930836275e+00
1.078039105109131812e+00
1.075303099979999732e+00
1.079734419982119720e+00
1.073881189228999666e+00
1.079572960003481796e+00
1.068630581858594386e+00
1.059810589188679764e+00
1.063466372168451635e+00
1.060870520142418671e+00
1.064470916467539441e+00
1.067341897587746891e+00
1.059975230400152624e+00
1.075941372515478278e+00
1.054906944136669411e+00
1.073629292602546581e+00
1.054938384877504687e+00
1.054909161448425170e+00
1.049547774442297632e+00
1.049580960996169710e+00
1.043311129123323466e+00
1.036985594497692453e+00
1.029813575317937158e+00
1.030895052580936166e+00
1.016487921413078865e+00
1.015868721666125740e+00
1.005251710781846830e+00
1.009466632768826866e+00
1.011520631894023303e+00
1.000899255103102181e+00
9.944665286378862046e-01
9.890910683666923608e-01
9.919951622828212523e-01
9.877411477350982461e-01
9.823353827962011398e-01
9.799816470913126354e-01
9.689032461541040586e-01
9.581307783820655066e-01
9.523964782143899965e-01
9.432580795389514661e-01
9.381719590486284899e-01
9.320300794183956627e-01
9.208495775215220780e-01
9.169904419753458491e-01
9.145890091125217225e-01
9.044071860654234740e-01
8.947851718223448492e-01
8.881209310585740369e-01
8.809456902739120077e-01
8.718867792405219364e-01
8.685762572798473302e-01
8.584404413154559377e-01
8.571621705475827024e-01
8.531259990265708248e-01
8.399565633963990141e-01
8.290375935720833978e-01
8.249924261265573211e-01
8.209208988929144191e-01
8.159549658947756745e-01
7.997325343336051384e-01
8.026501050987883135e-01
7.989791266424474125e-01
7.989791266424474125e-01
1.932910394634669848e-01
1.979995975854337842e-01
7.881148480007516000e-01
7.874406230941340956e-01
7.920075718288209776e-01
7.983319876765831991e-01
7.985623077298049655e-01
8.057897271537692863e-01
8.115160973923523091e-01
8.262955064919572656e-01
8.262955064919572656e-01
8.345011864528780743e-01
8.496437334145591214e-01
8.544031126587897651e-01
8.538310317542509020e-01
8.556090909526283816e-01
8.633201843881093129e-01
8.722503211992743699e-01
8.780913138210884039e-01
8.419316311335081071e-01
8.419316311335081071e-01
8.960067413639963840e-01
7.960861847627710430e-01
1.176075842124872095e-01
-5.102698509692888055e-06
-2.277898266774701937e-06
-1.217616343706867199e-04
5.754737596282892206e-03
1.327055283321709189e-01
1.758315081373852951e-01
6.370578300820168849e-01
6.370578300820168849e-01
1.017951885586479976e+00
1.021339781991746021e+00
1.017449914359922047e+00
1.014630854801760629e+00
1.005844560850168934e+00
1.008117015404529804e+00
9.851196456088736619e-01
9.793561463148033885e-01
9.598105588575083225e-01
9.488304987160534054e-01
9.488304987160534054e-01
9.549169567385598079e-01
9.369496707743663055e-01
9.294118371317181548e-01
9.162415038862737893e-01
9.146852742080038290e-01
9.028030266907662860e-01
8.970861540258527889e-01
8.983796757424313828e-01
8.901940742147038677e-01
8.887054430736902599e-01
8.887054430736902599e-01
8.841063838291768340e-01
8.779398817715338144e-01
8.772574180954427758e-01
8.763448454440826429e-01
8.638407142428264907e-01
8.638407142428264907e-01
1.232551843357822863e+00
8.492003029213448517e-01
8.423381239895777473e-01
8.429388447656217531e-01
8.429388447656217531e-01
8.376136607225179720e-01
8.384403014734179704e-01
8.316513548125283872e-01
8.315642229306930977e-01
8.321649022189998579e-01
8.254685779439933091e-01
8.312255694369011794e-01
8.312255694369011794e-01
8.327166114817687870e-01
8.260272158154382538e-01
8.260272158154382538e-01
8.257998234731120935e-01
8.260272158154382538e-01
8.257998234731120935e-01
8.257998234731120935e-01
8.177932358664586898e-01
8.177932358664586898e-01
8.185706966700034837e-01
8.118826126464184778e-01
8.134466825366776233e-01
8.134466825366776233e-01
8.134466825366776233e-01
8.118826126464184778e-01
8.181742002345625542e-01
8.117364933548210093e-01
8.117364933548210093e-01
8.126573491801333260e-01
8.128266931266985296e-01
8.111925490245228687e-01
8.180288797175858662e-01
8.192106961657347197e-01
8.184760940962054754e-01
8.250299130943240522e-01
8.234832731910551873e-01
8.218333056337708831e-01
8.302973031682193694e-01
8.309116158574967326e-01
8.295812465335712371e-01
8.363578855455203742e-01
8.371679560456515290e-01
8.371679560456515290e-01
1.349210723332213924e+00
1.349210723332213924e+00
1.185109123515760421e-01
8.484444521915482929e-01
8.574085260601701508e-01
8.570787094973617570e-01
8.554759995552424501e-01
8.625121543887137587e-01
8.703806042868715842e-01
8.703806042868715842e-01
8.776248900861195468e-01
6.665489819009312589e-02
6.665489819009312589e-02
8.754342720124592692e-01
8.764728499963229114e-01
8.764728499963229114e-01
8.752166372573296771e-01
8.778173162013277464e-01
8.693251859732399334e-01
8.610776296246451800e-01
8.610776296246451800e-01
8.540642333933892161e-01
8.552098395786308371e-01
8.574541233405980067e-01
8.574541233405980067e-01
8.555120262907073281e-01
8.609983224502030241e-01
8.539721306971125303e-01
8.539721306971125303e-01
8.550352067780834231e-01
8.460679165209326058e-01
8.545484150944738788e-01
8.482232268603073777e-01
8.482232268603073777e-01
8.482232268603073777e-01
8.412833556256922307e-01
8.423033273641128416e-01
8.368648578144369798e-01
8.203868208814895091e-01
8.145335870153890268e-01
8.080222239045131705e-01
8.088337404959438093e-01
8.028671339732025292e-01
8.093748961895370631e-01
8.021515133434568012e-01
8.092070514952066640e-01
8.099199244921766461e-01
8.090888654035516270e-01
8.155676073079510813e-01
8.155676073079510813e-01
8.245898551372208285e-01
8.229312050681850677e-01
8.321307506730150072e-01
8.321181812646154530e-01
8.410251735438849519e-01
8.424200959087247975e-01
8.506984932127370502e-01
8.605257959610309593e-01
8.779054743397883831e-01
8.785370471154335670e-01
8.798858724470141057e-01
8.890711198646644720e-01
8.902338455555109942e-01
9.000817601204865737e-01
9.090219956531406797e-01
9.101598349369962593e-01
9.181401661566981343e-01
9.267065948164399103e-01
9.288005007819301051e-01
9.381251180216411134e-01
9.388036819631797592e-01
9.581636409355106521e-01
9.568830239257050119e-01
9.570887585250760221e-01
9.677196570328852054e-01
9.785859904856417657e-01
9.869520413215127075e-01
9.937889151592498305e-01
9.951305147638930260e-01
9.926089923847235541e-01
1.003431838456893654e+00
1.001269358465558312e+00
1.002687280308656836e+00
1.001602167435105439e+00
1.010169327215038937e+00
1.010712348133390615e+00
1.030251586168354994e+00
1.035433843751677685e+00
1.046494657532622830e+00
1.050398730161965277e+00
1.053201059674708340e+00
1.042830436187307308e+00
1.028111023275154912e+00
1.022570620071751479e+00
1.012854510323753177e+00
1.015754488473562533e+00
9.961406476878249538e-01
9.768519914124429437e-01
9.453147142826432425e-01
9.251269674249433805e-01
9.042134367511686088e-01
8.999365862219631529e-01
8.804371103547181665e-01
8.583369180476787541e-01
8.539323816899755393e-01
6.812256749428378111e-01
2.565678873290341572e-03
6.158429332367579770e-07
6.904444900877915181e-02
7.282758889009638414e-01
8.050225566384540121e-01
8.000883068399122777e-01
8.080926207589967936e-01
8.079455633386708469e-01
8.079455633386708469e-01
7.930326971663272939e-01
7.965645649961875518e-01
8.018965758677479849e-01
8.018965758677479849e-01
8.018965758677479849e-01
8.018965758677479849e-01
8.018965758677479849e-01
8.016399334252171105e-01
8.007283302019636562e-01
8.012151973235079883e-01
8.001920871311669625e-01
7.980924170702168308e-01
7.975902679722953748e-01
7.983923655159360644e-01
7.970357494687547728e-01
7.970357494687547728e-01
8.047042954995461406e-01
7.996173007336632166e-01
8.040532322537049525e-01
8.040532322537049525e-01
7.096774650644080973e-01
7.217130128815862911e-02
-7.043394376327256380e-06
3.457415425029803507e-02
2.608707815350294057e-01
8.201365080229789939e-01
8.223634759144778927e-01
8.251407400896831890e-01
8.417500003083143723e-01
8.417500003083143723e-01
8.361546023082453427e-01
8.456671670203965707e-01
8.487071462895346974e-01
8.501726893668258844e-01
8.502916169959062742e-01
8.508549007459020874e-01
8.508549007459020874e-01
8.500402887510970507e-01
8.503765261778378770e-01
8.493060591249526059e-01
8.493060591249526059e-01
8.419209249933659045e-01
8.420620797538108659e-01
8.411274126280778862e-01
8.399640775548506966e-01
8.399640775548506966e-01
8.482857986362242197e-01
8.630602071006451270e-01
8.708795659811441325e-01
8.708795659811441325e-01
8.634698962098646957e-01
8.634698962098646957e-01
8.705543631666518012e-01
8.629224844109127934e-01
8.540948143959704586e-01
8.457733017838829914e-01
8.348113597582849099e-01
7.332707045920130451e-01
6.764675138039813462e-02
7.876249815802934817e-01
7.703391505002403772e-01
7.587761925558270670e-01
7.587761925558270670e-01
7.486256417470285029e-01
7.394628589525150675e-01
7.357353905307539854e-01
7.191156674434648899e-01
7.156793990041182552e-01
7.124116757518931253e-01
7.038556259720680774e-01
7.015376744940058362e-01
6.994328132845714086e-01
7.083605972911342086e-01
7.083605972911342086e-01
7.128275460277671005e-01
7.168687762608043634e-01
7.324177087316161572e-01
7.367868128902007596e-01
7.531653304535376181e-01
7.661439883870657663e-01
8.015835283642487319e-01
8.261535064550931118e-01
8.479386214470958638e-01
8.791464008638529837e-01
8.791464008638529837e-01
9.085678845356345290e-01
9.333985957649635345e-01
9.627896647126074070e-01
2.675267236481275290e+00
1.016328504317219661e+00
1.023063393994644299e+00
1.038867707775203320e+00
1.028439783358985782e+00
1.010640653812188372e+00
9.871580476951907768e-01
9.871580476951907768e-01
9.652422909612514701e-01
9.308663203574150113e-01
8.906962499390305155e-01
8.574432146020005696e-01
8.224521042033567930e-01
7.930382615975926086e-01
7.795740409421181294e-01
1.603302990086690444e-06
1.032461275516028065e+00
1.020887961770739372e+00
1.018578298174560581e+00
1.007739105297090987e+00
9.925953202402206799e-01
9.608743015380154517e-01
9.485305838252771071e-01
9.213592226518311223e-01
9.156942205880583829e-01
9.048778484582196135e-01
9.038150330772203311e-01
9.058286207409097512e-01
9.180568940933411248e-01
9.111050505665728716e-01
9.222574494528957834e-01
9.330153899240223314e-01
9.462915733945961305e-01
9.658642352075397230e-01
9.802420185003856146e-01
9.821179089421259167e-01
9.800299957409086549e-01
9.835323989225326358e-01
9.773228984095415628e-01
9.794348276620188365e-01
9.848329465466696409e-01
1.005487487603104135e+00
9.979046982042263370e-01
1.017931685222841720e+00
1.018723753366366891e+00
9.992121535681940392e-01
1.000036878555372821e+00
9.955320551417098374e-01
1.009788372567635095e+00
1.019004502690378011e+00
1.016408975898049460e+00
1.034438005503351743e+00
1.033786292044919009e+00
1.023664876951375424e+00
1.013762253379093758e+00
1.008038428871614434e+00
1.007045251680576126e+00
1.005453466046438260e+00
1.014921636505027092e+00
1.025105059837053911e+00
1.028735975948900538e+00
1.017754770147104360e+00
1.006497113537377697e+00
1.012266630243155996e+00
9.935961810146862749e-01
9.986324283315286543e-01
1.003799129876692620e+00
1.011175720658391342e+00
1.011654800605888749e+00
9.947437513225848571e-01
9.840999306046144257e-01
9.925738848183557339e-01
9.925738848183557339e-01
9.979530619278430548e-01
9.979530619278430548e-01
1.001409136383262233e+00
9.969591220285857203e-01
9.959671579532098917e-01
9.996669651142883195e-01
1.005370401430873306e+00
9.959494287060830509e-01
9.989437845444317787e-01
9.917581062032360117e-01
9.917581062032360117e-01
9.989437845444317787e-01
1.008445643284206383e+00
1.003926985419754780e+00
1.003926985419754780e+00
9.996900673638605683e-01
9.996900673638605683e-01
9.996900673638605683e-01
1.005904652307228586e+00
1.003386935883842757e+00
1.012964069860475158e+00
1.012964069860475158e+00
1.012964069860475158e+00
1.013015008588587618e+00
1.013015008588587618e+00
1.018773732991021141e+00
1.026836809682389662e+00
1.032689375077404659e+00
1.028300629434353963e+00
1.039071395754881166e+00
1.025205432277542794e+00
1.035154302132499149e+00
1.045288296995283250e+00
1.045132595349817617e+00
1.043792170610823078e+00
1.037424588017466620e+00
1.048192059493408435e+00
1.037932954509815930e+00
1.047144262496050748e+00
1.046812067876486285e+00
1.046812067876486285e+00
1.048035803572886504e+00
1.046812067876486285e+00
1.041766360274203107e+00
1.048035803572886504e+00
1.048035803572886504e+00
1.048035803572886504e+00
1.037548495886378097e+00
1.037548495886378097e+00
1.048035803572886504e+00
1.048035803572886504e+00
1.046812067876486285e+00
1.046812067876486285e+00
1.048192059493408435e+00
1.053572172887522251e+00
1.038384014263967536e+00
1.034998041231476984e+00
1.050727992657542575e+00
1.050727992657542575e+00
1.040601087414485315e+00
1.040601087414485315e+00
1.040601087414485315e+00
1.040601087414485315e+00
1.044037356137931472e+00
1.040711919747919545e+00
1.047143506995332984e+00
1.047424150078008376e+00
1.047694163238658493e+00
1.039390642421237354e+00
1.038906821860013263e+00
1.027120924105177746e+00
1.017572505415660356e+00
1.008183852023752491e+00
9.865559737745694946e-01
9.841752023310454955e-01
9.841752023310454955e-01
9.755564617618079915e-01
9.780046310711542068e-01
9.646884885329847226e-01
9.619240728135470819e-01
9.710225978323575591e-01
9.630088641493305124e-01
9.666169622270770478e-01
9.680253587908714819e-01
9.704332647231815878e-01
9.735857721486436134e-01
9.666745589021642493e-01
9.758029378761929884e-01
9.695254092991590911e-01
9.634626260578914581e-01
9.559706564413085195e-01
9.559706564413085195e-01
9.612681967530546379e-01
9.449729511556247408e-01
9.481985342573022724e-01
9.431744177353856839e-01
9.367311792887217381e-01
9.370989804713658611e-01
9.397039937727870162e-01
9.328795023274130127e-01
9.351728878223699581e-01
9.279265756205079541e-01
9.279265756205079541e-01
9.341759681857830788e-01
9.281074566420900451e-01
9.288983653191005274e-01
9.274831557977678553e-01
9.196115005250677932e-01
9.235600013778230144e-01
9.326942504455778549e-01
9.256957814423717457e-01
9.327254580207513524e-01
9.336935131127598320e-01
9.336935131127598320e-01
9.302715936342096370e-01
9.351345763822590529e-01
9.481985342573022724e-01
9.373164370600185480e-01
9.432992659227104060e-01
9.376626298501388179e-01
9.389167904651788410e-01
9.402024748611419458e-01
9.369863517711554124e-01
9.342026731142335505e-01
9.342026731142335505e-01
9.429605227858199878e-01
9.356522928190810218e-01
9.367848697836411720e-01
9.431085635180880278e-01
9.431222815882418509e-01
9.434398048327341524e-01
9.430850703110322808e-01
9.404835922939210890e-01
9.454044949531046349e-01
9.374004885790446773e-01
9.374004885790446773e-01
9.476960277631093499e-01
9.410553496725239109e-01
9.532771606243366502e-01
9.402407657914009231e-01
9.447890327948852418e-01
9.470550686303961241e-01
9.435839923860102063e-01
9.458959775029780470e-01
9.482177305660144384e-01
9.453313400216861728e-01
9.453313400216861728e-01
9.476674512403321371e-01
9.480434648671345332e-01
9.395924989257437021e-01
9.459455309251769695e-01
9.551661776272064586e-01
9.558051830435203566e-01
9.564462963761222181e-01
9.424228553406551745e-01
9.478692764563039219e-01
9.529404762619242408e-01
9.529404762619242408e-01
9.493944355452353934e-01
9.558051830435203566e-01
9.502596391391930908e-01
9.510474326192479566e-01
9.532029069078103989e-01
9.491031805173149039e-01
9.500590593739876022e-01
9.428895295269039689e-01
9.477959013804058142e-01
9.532618988100215462e-01
9.532618988100215462e-01
9.399397242987912460e-01
9.526314080384524763e-01
9.356942779262266141e-01
9.377985201533466375e-01
9.386263487062802557e-01
9.386263487062802557e-01
9.321924496381226444e-01
9.337116631028351543e-01
9.175823548449774103e-01
9.207787785172486528e-01
9.207787785172486528e-01
9.185787813727673834e-01
9.145194236410076893e-01
9.137219857419990321e-01
9.093965930165084366e-01
9.141281170762177721e-01
9.065164344453980894e-01
9.130292816682045176e-01
9.258559073171570564e-01
9.114096998031107066e-01
9.104979520175279228e-01
9.147309585682372735e-01
9.082775292691566138e-01
9.204816369141345378e-01
9.186655713770387477e-01
9.256870043683191884e-01
9.256870043683191884e-01
9.253837420323800522e-01
9.250312085014957830e-01
9.250312085014957830e-01
9.250312085014957830e-01
9.250312085014957830e-01
9.206332577983323828e-01
9.206332577983323828e-01
9.173941734190146358e-01
9.253735435577317148e-01
9.253735435577317148e-01
9.235562331682213300e-01
9.122956467682807880e-01
9.122956467682807880e-01
9.122956467682807880e-01
9.252638716063769087e-01
9.252638716063769087e-01
9.252638716063769087e-01
9.252638716063769087e-01
9.165221459340093801e-01
9.262619486421334036e-01
9.262619486421334036e-01
9.177666656325355055e-01
9.177666656325355055e-01
9.177666656325355055e-01
9.177666656325355055e-01
9.177666656325355055e-01
9.177666656325355055e-01
9.177666656325355055e-01
9.182997844694157363e-01
9.182997844694157363e-01
9.182997844694157363e-01
9.187729274074943886e-01
9.114741642195376414e-01
9.068051822033936782e-01
9.187729274074943886e-01
9.187729274074943886e-01
9.267190924113275496e-01
9.184836196432529798e-01
9.267190924113275496e-01
9.192803356441361373e-01
9.144637099685173354e-01
9.216296055452357638e-01
9.234541625562361356e-01
9.227983211102214200e-01
9.222856926966015445e-01
9.205073839513765455e-01
9.120600717557905135e-01
9.206799727496074448e-01
9.209898092419932514e-01
9.301096022666545116e-01
9.241229889508804085e-01
9.117570739331860574e-01
9.016174596034786104e-01
8.934263301298916993e-01
8.915507576073279372e-01
8.726260301738223424e-01
8.645610895849099586e-01
8.594706670738635479e-01
8.541026271213797427e-01
8.353773524972670783e-01
8.162772536700265702e-01
8.077724301254410877e-01
7.949423162178061997e-01
7.721837369141943963e-01
7.394939133848457136e-01
